18.229675293
1409.63720703
1.61383426603
-21832839.8375
0.660946905613
0.862661778927
0.649714216739
0.906261851929
73.6503806228
1.04664359862
0.97843110162
1.07252883586
0.792402921953
13.8027191162
933.992675781
1.88587221688
-12293429.8025
0.60078316927
0.868045806885
0.592078830592
0.950046146838
93.641799308
1.66634371396
0.957343061173
1.35030041129
0.757293348712
21.7079162598
1435.37158203
1.29028692491
-17174586.2213
0.523825645447
1.10701107979
0.509069219495
0.957206023547
107.723767782
1.75154171473
0.9579879208
1.57805252808
0.694655901576
17.4503326416
1299.99060059
1.63409132946
-19183727.2162
0.668611943722
0.89546841383
0.65655284353
0.762737216292
69.9929257978
1.06605151865
0.97732497587
1.05705493573
0.799892349097
18.8545227051
1019.58789063
1.13822237781
-7278422.91618
0.588945508003
0.967445373535
0.57685994122
0.932107723262
55.4136716647
0.920599769319
0.981683044598
1.15602058145
0.724905805459
4.5048828125
393.999511719
4.31338706152
-9135665.88318
0.60123950243
0.529295265675
0.619558769769
1.17799503316
123.350034602
1.46595924644
0.9752112933
1.1299267471
0.768043060361
11.2822265625
937.244750977
2.45352143554
-18196934.0949
0.556485295296
0.687838196754
0.563596516467
1.1053651719
102.195524798
1.41803921569
0.972800186847
1.26343172557
0.730426758939
21.9108581543
1476.71557617
1.25137951356
-17598735.3099
0.582311034203
1.06879532337
0.568550178953
0.878424517882
66.7622914264
1.16238369858
0.971996943158
1.30363364248
0.736224529027
11.897277832
726.266967773
1.89260395992
-7253342.16621
0.634091079235
0.770832657814
0.623131901388
1.02014654025
99.6166089965
1.44728950404
0.976372855162
1.16317312184
0.775194156094
7.78007507324
564.32434082
2.80431886348
-8682128.16243
0.776579082012
0.559608221054
0.766762226045
0.971678957694
66.5133717801
0.976024605921
0.981330659952
0.814781736684
0.872018454441
3.43894958496
290.921661377
4.92840773925
-6584755.06609
0.870092332363
0.336747467518
0.86499350887
1.03643798852
46.3573394848
0.73999231065
0.98277952778
0.576329710503
0.92953479431
4.765625
372.708740234
4.08848203242
-7524649.44378
0.474036067724
0.670899689198
0.524324543558
1.28223899666
134.393787005
1.69762399077
0.969142004669
1.36040617877
0.680399846213
11.9693756104
899.511230469
2.21646605825
-14736800.9289
0.666170120239
0.779903948307
0.655803300567
0.949780353229
87.1792387543
1.64844290657
0.957680301467
1.22497010913
0.804644367551
6.75830078125
577.44519043
3.42906783454
-12661989.8422
0.514746487141
0.658005475998
0.54570546643
1.21643185069
123.560415225
1.56364475202
0.971278673293
1.31578191297
0.707912341407
15.8069610596
1055.18017578
1.68472687487
-13301771.0177
0.590663611889
0.929282784462
0.578743788514
0.934924828927
89.1154786621
1.81379469435
0.950494013608
1.40908580661
0.748235294118
8.1884765625
715.48626709
2.99303854633
-15226164.5856
0.749740064144
0.48800766468
0.743277363082
1.00074698386
82.1421607074
0.966797385621
0.984907247097
0.819182044603
0.857085736255
11.7351531982
920.697875977
2.34041609256
-16815828.8875
0.637677133083
0.819365799427
0.628072038067
0.984523624885
112.794340638
2.00347558631
0.949324317715
1.37078214169
0.786728181469
11.7583007813
958.783447266
2.36547360846
-18003149.4719
0.574308931828
0.726157307625
0.575098626988
1.0529926702
110.689242599
1.75292579777
0.960817815761
1.31868016041
0.742945021146
13.7157440186
974.605712891
1.98083604293
-14406711.9442
0.580816149712
0.889515936375
0.572995905369
0.977648150343
90.2894886582
1.95251057286
0.944029886883
1.46221470146
0.747143406382
12.712890625
1004.02648926
2.19094278675
-17611483.6765
0.630078613758
0.755390763283
0.62210771742
0.993296967231
103.48284506
1.54998846597
0.96840574239
1.23122264759
0.778515955402
8.10203552246
664.651367188
3.00478035047
-13603597.7353
0.740508854389
0.629749715328
0.733157933371
1.00474172198
73.9631526336
1.21956170704
0.970752235671
1.01269478354
0.853594771242
29.9964904785
1540.88745117
0.759058531481
-12318904.2705
0.374083936214
1.3282302618
0.360517562627
1.00612921293
121.942821992
2.09636293733
0.94785021332
1.96135889381
0.536701268743
9.95703125
792.418273926
2.70859156945
-15489669.7773
0.406282395124
0.842465996742
0.455756898635
1.26341251056
124.966028451
1.92768935025
0.958250671204
1.58786487465
0.623637062668
31.9854736328
2032.34130859
0.905454559879
-22230694.2059
0.394163519144
1.00591635704
0.393080167404
1.05428173172
122.023652441
1.6892579777
0.963391614708
1.6303007019
0.533010380623
10.486328125
866.460205078
2.54232849322
-16755417.0606
0.638707458973
0.668005466461
0.635836628771
1.03653917593
90.8665282584
1.35351018839
0.972063636206
1.16154699585
0.787358708189
31.867980957
2075.30761719
0.865167042171
-22416494.7651
0.445971190929
0.977002382278
0.436083076083
0.98688429246
115.177301038
1.58173010381
0.966846922662
1.5046563984
0.579746251442
32.2025299072
1913.59155273
0.749399081815
-18056567.8563
0.423841714859
1.29441046715
0.401952736068
0.928080894506
146.673187236
2.35927720108
0.943150122576
1.85947370884
0.586282199154
0.3759765625
23.904176712
12.9455393111
-288624.516227
0.76411151886
0.213208690286
0.770727103481
1.14252759614
102.104452134
0.874279123414
0.992003988922
0.646251108004
0.870034602076
7.6318359375
615.79083252
3.22755219017
-12824340.7268
0.328963041306
0.831692814827
0.428711793308
1.43234565518
166.288888889
2.09287197232
0.961213574245
1.59916696844
0.561184159938
14.7944335938
1140.70666504
2.03731671206
-19627194.9721
0.435243159533
0.875538706779
0.45609511475
1.17567883519
154.368104575
2.00350634371
0.962412183534
1.57981129401
0.634540561323
4.798828125
433.814147949
4.18713887583
-10376197.8715
0.61569082737
0.49232262373
0.63324649955
1.15745667401
88.4166397539
1.08395232603
0.980867429574
1.04969561762
0.778208381392
8.0947265625
697.073913574
3.0379045825
-14809704.3406
0.645481586456
0.58223259449
0.648081976219
1.10540349511
85.7140484429
1.18914263745
0.976611808379
1.08713869559
0.794540561323
17.7429199219
1367.33935547
1.67164778197
-21550382.1578
0.624712705612
0.883759558201
0.614367062265
0.91781989603
66.6815840062
1.15816993464
0.971213831454
1.23492787673
0.77078046905
5.17333984375
456.490142822
3.99214430426
-10552798.8695
0.624916493893
0.523642778397
0.639004616596
1.16251735175
86.8689888504
1.11292579777
0.979423360916
1.07539894912
0.784159938485
11.3793945313
882.349365234
2.34113509411
-15420935.3975
0.673772573471
0.735112190247
0.666467603963
0.966759352977
66.3259669358
1.24484429066
0.970251589643
1.13987530972
0.810119184929
6.91650390625
574.722290039
3.38661378194
-12279864.3576
0.446963012218
0.728384971619
0.495913767884
1.2737359434
153.165397924
1.99363321799
0.962105091771
1.46002830396
0.657762399077
5.7705078125
508.747253418
3.7464822647
-11615406.0408
0.633338630199
0.530579805374
0.644193305121
1.15974354235
88.1087581699
1.10443675509
0.98020663556
1.06620303624
0.788973471742
11.5272521973
894.127319336
2.3624264895
-16113836.2814
0.617351055145
0.831843972206
0.613357770508
1.02475027836
72.6244982699
1.43873894656
0.960724652556
1.35912295608
0.775747789312
8.740234375
737.781860352
2.89557972595
-15223313.6775
0.602569282055
0.644615888596
0.608764426659
1.09722218723
85.638046905
1.33994617455
0.971249952273
1.20332652512
0.766351403306
0.309982299805
26.2210292816
16.4981834406
-562545.322774
0.448665499687
0.416800171137
0.54420914063
1.4688182513
140.637508651
1.19557093426
0.988499015
1.03408326599
0.663021914648
8.3625793457
720.489379883
3.08498736605
-16179405.1107
0.450400650501
0.755533516407
0.496475055804
1.25660460802
89.8844752018
1.40475201845
0.967494246336
1.45150020397
0.660638216071
9.19075012207
770.541625977
2.86070771195
-16321846.3366
0.527308046818
0.761467397213
0.547029765413
1.25125146929
77.9206766628
1.30943483276
0.968892096149
1.3982343348
0.716170703576
4.146484375
366.841461182
4.55549849794
-8737909.60635
0.487934529781
0.584871590137
0.542910315658
1.32492553584
92.4884582853
1.16659746251
0.979514561621
1.22464237121
0.691364859669
14.9322509766
1256.46704102
2.00495115157
-23576479.022
0.644579768181
0.679593443871
0.634820114879
0.982857684419
114.779515571
1.35169550173
0.977550140599
1.07829857761
0.782345251826
21.6205596924
1135.25610352
0.948850329038
-7365944.59489
0.554975926876
0.938698351383
0.541132626096
0.977083444635
81.8919492503
1.19126489812
0.980799986284
1.19620029445
0.681399461745
14.2776489258
1221.41271973
2.04929485974
-23234193.8086
0.734334826469
0.60630941391
0.726238324863
0.884388646462
62.7251057286
0.718185313341
0.98945712503
0.762552712938
0.840768935025
1.328125
110.658538818
7.86142391274
-2297464.20833
0.51715284586
0.435983389616
0.575529859349
1.3334436301
152.803260285
1.32681276432
0.986700356115
1.04842174592
0.712172241446
3.81103515625
324.351989746
4.71353635715
-7383961.35428
0.539634108543
0.561019301414
0.575339434852
1.23999928892
135.286612841
1.58431372549
0.973075445807
1.21293813183
0.727104959631
5.7705078125
506.40713501
3.75534608093
-11547970.4898
0.589206695557
0.564516425133
0.607500047493
1.18141393719
98.4664667436
1.25444059977
0.977424908759
1.15219977419
0.759876970396
6.5888671875
555.394958496
3.43554689698
-11881956.6601
0.619923532009
0.600474715233
0.628904670711
1.11565553194
94.4028296809
1.29058054594
0.9750746836
1.15731679398
0.779807766244
3.76611328125
334.628417969
4.76421201167
-7973395.01454
0.654316902161
0.459621071815
0.666356043523
1.15750744523
100.49076509
1.20944252211
0.979698409546
1.00468241796
0.80276816609
23.8761901855
1358.47631836
0.988064361119
-11683256.3897
0.515368878841
1.12169587612
0.501421138204
0.829393076305
92.7121568627
1.56253748558
0.962088510758
1.48394876156
0.668235294118
9.06591796875
776.352172852
2.84203245184
-16197061.5423
0.589831352234
0.620133399963
0.597396848845
1.10941880239
105.39183391
1.35455594002
0.975519509753
1.18019005839
0.756232218378
19.3260192871
1300.23803711
1.52357430501
-17235764.6017
0.458662688732
1.1002497673
0.455099826775
1.04157209164
98.87301807
1.91209534794
0.947838365525
1.76083452448
0.652103037293
4.42529296875
399.602050781
4.42432934222
-9725847.6974
0.445356249809
0.595387458801
0.513906136536
1.35106525587
138.261714725
1.48219915417
0.976548341513
1.26891050344
0.658915801615
20.4597473145
1283.88208008
1.38403310415
-14923777.4821
0.441034644842
1.13805270195
0.437308052784
1.04256259397
102.602875817
1.87429450211
0.950463902327
1.78670066807
0.632633602461
13.3693695068
1018.24169922
2.19827276561
-18194748.1504
0.45709592104
0.977233827114
0.472265541852
1.13179404241
127.898469819
2.14415993849
0.9462217392
1.73313408114
0.660684352172
1.54991149902
128.575271606
7.26659505436
-2652830.75882
0.440319031477
0.498180806637
0.526633488525
1.42721564594
198.268850442
1.72112264514
0.982841055133
1.15415770102
0.654640522876
19.5366210938
1377.5222168
1.60840941761
-19967994.9924
0.390429735184
1.01577877998
0.407000181783
1.14822527562
143.503944637
2.14637447136
0.954516185319
1.75274543006
0.586897347174
20.5546875
1486.35803223
1.5085423741
-21150079.3089
0.447126150131
0.893328070641
0.454176380214
1.10729612641
106.717723952
1.45580930411
0.972016770779
1.49342003177
0.626482122261
13.8088226318
1106.11291504
2.19858153928
-21022252.7726
0.429748296738
0.903246223927
0.458269599735
1.18592294691
93.588189158
1.57379469435
0.961029111441
1.61334077801
0.637262591311
10.5430603027
871.304321289
2.67690086839
-18334500.9498
0.409260809422
0.868267476559
0.45892067266
1.28149571827
108.883813918
1.55801614764
0.965313398347
1.58531952116
0.626174548251
0.53955078125
45.4560165405
12.4788853093
-968898.325551
0.359681487083
0.488725423813
0.502688581522
1.61624532902
160.946312957
1.37796232218
0.986715362788
1.12254975922
0.591587850827
19.7204589844
1218.98510742
1.35451280093
-13191930.0407
0.502482771873
1.07136178017
0.492819515281
0.977616968263
126.574579008
1.870911188
0.957218252538
1.60493121879
0.676262975779
3.74755859375
262.545806885
4.227941212
-3849683.3836
0.444809377193
0.610930383205
0.513638447579
1.65032066356
96.3100346021
1.36839677047
0.978476478817
1.26833733317
0.658654363706
15.8962249756
1203.51794434
1.95095300115
-20627498.753
0.414156019688
0.995316505432
0.437448355725
1.16747261628
100.322460592
1.6798769704
0.958540461477
1.71711196741
0.622652825836
8.31884765625
669.811950684
3.04846069351
-13688305.83
0.370719790459
0.825497925282
0.443717271726
1.3492977731
154.254302191
2.09762399077
0.95867879328
1.59607103897
0.595924644368
18.9571380615
1319.03515625
1.50424981138
-17615236.1251
0.565230607986
1.0193696022
0.55087164541
0.94468658812
117.425943868
1.79447904652
0.958984981553
1.47935043751
0.728688965782
8.3759765625
721.097290039
2.96486650541
-15181172.2681
0.670344591141
0.568922162056
0.667340997791
1.07134538213
111.129504037
1.40272202999
0.975748854248
1.05394776151
0.80831987697
11.6237640381
728.522827148
1.94364570619
-7543856.0121
0.639795541763
0.691339492798
0.62829693474
1.00231274116
118.871510957
1.68027681661
0.974140309861
1.10234600354
0.777577854671
14.6110534668
1002.84454346
1.80917039385
-13369618.5687
0.630026757717
0.874720335007
0.615351896152
0.937531279862
104.146835832
1.77507112649
0.958077488116
1.29925500729
0.774532871972
28.5491943359
1769.80175781
0.92720530641
-18277610.5549
0.444682627916
1.24893474579
0.426732042403
0.964547690385
119.020161476
1.98643598616
0.951675245572
1.78652739994
0.617316416763
15.954208374
926.399963379
1.44849962395
-7898033.93239
0.572146773338
0.810503721237
0.558843283562
0.994877321103
130.25242599
1.83978469819
0.971618977007
1.24125059329
0.717939254133
7.89985656738
604.23449707
2.889074229
-10518493.6467
0.768235325813
0.579392373562
0.759766254632
0.961974284906
78.7409765475
1.12289119569
0.976954525879
0.881286581469
0.868958093041
3.39306640625
289.645172119
4.9966284771
-6614512.46877
0.64462518692
0.471261441708
0.660962484692
1.16158332334
80.8121491734
0.970057670127
0.98327981614
1.0048420469
0.797939254133
12.2169494629
725.783325195
1.85436526538
-7041299.29428
0.591732084751
0.842359781265
0.583716561267
1.02116687372
104.799138793
1.68445982314
0.967418603447
1.32156122893
0.749050365244
14.469909668
1084.10314941
1.97064553521
-17528762.5285
0.579329133034
0.896631300449
0.572822872107
0.99660304434
75.7026989619
1.53301038062
0.957392404115
1.43147099199
0.746728181469
4.99072265625
450.115325928
4.09338112934
-10700759.6446
0.617257535458
0.497073054314
0.631214496894
1.14692711082
109.98840446
1.40948865821
0.97510396119
1.07659624366
0.777747020377
8.5087890625
717.490539551
2.91488062829
-14681949.9933
0.689304113388
0.59088152647
0.686744360382
1.02836627523
65.1166782007
1.04470588235
0.977319452916
1.02554287838
0.822068435217
26.6944885254
1654.65698242
0.984014503285
-17072835.9214
0.473871737719
1.22535061836
0.456397737185
0.94267114316
98.6539638601
1.76335255671
0.955040735131
1.68975781913
0.646336024606
6.02587890625
515.810913086
3.62960547494
-11332554.052
0.634762465954
0.56442117691
0.644099400092
1.12256209991
81.1347020377
1.09041138024
0.97953073709
1.09361464789
0.789926951173
12.0544433594
977.282958984
2.3432831221
-18669719.4841
0.584337830544
0.808273375034
0.583640857264
1.08842283374
85.2999307958
1.50271434064
0.96201245036
1.38388044891
0.752249134948
10.5754852295
837.74597168
2.53331234553
-15907471.4446
0.620865345001
0.797682523727
0.618657554033
1.04651819728
70.2986236063
1.31540176855
0.965853202514
1.3226188416
0.778546712803
13.7134552002
1070.98583984
2.05763756908
-18335355.6716
0.65713095665
0.808933854103
0.647383312927
0.953349133217
67.6276201461
1.23287966167
0.969200714606
1.19683267088
0.797662437524
3.5517578125
314.411315918
4.92496249271
-7504356.94552
0.609342515469
0.485280871391
0.630451598408
1.20028224492
111.786236063
1.29174932718
0.979712643184
1.07004390618
0.773794694348
7.94140625
681.653320313
3.07576645434
-14493315.1027
0.634852528572
0.593187689781
0.637692002233
1.10265802549
92.7782237601
1.31481737793
0.974889586058
1.12106590162
0.78706651288
4.345703125
349.583557129
4.29948918686
-7292687.60859
0.604973077774
0.558393418789
0.623522843564
1.16495953141
89.195324875
1.1999384852
0.977655389933
1.13699512383
0.771610918877
13.7966156006
990.552490234
1.98049795662
-14879171.4452
0.590781629086
0.884702086449
0.584048109258
0.990160324606
95.3515417147
1.52851980008
0.963133376848
1.3886647914
0.753925413303
5.38525390625
459.937164307
3.86205251133
-10161835.9877
0.667485117912
0.526896476746
0.67368679346
1.10248292488
73.6600999616
1.0306805075
0.979915256169
1.03019459407
0.81108804306
1.21139526367
101.012550354
8.25655195778
-2107243.28245
0.426372855902
0.489047288895
0.52301367578
1.46105767306
189.384698193
1.60707420223
0.984793230935
1.13660226781
0.644244521338
4.482421875
406.370025635
4.36053025487
-9826994.66387
0.582325875759
0.505562067032
0.606876234306
1.19575016109
111.060853518
1.28387543253
0.979405970848
1.1008478857
0.755586312957
16.6400909424
1002.1819458
1.41015221336
-9216621.69115
0.640837371349
0.837246894836
0.629882682274
0.912456206334
60.3255670896
0.869050365244
0.984294883543
1.01142873883
0.76799692426
20.9957122803
1093.31054688
1.02001207482
-7327756.70656
0.511747300625
0.988445281982
0.495318185047
1.00944672525
129.088565936
1.80995001922
0.97034912741
1.42382943785
0.652195309496
0.29182434082
24.6960906982
17.0032729097
-530014.448501
0.513962686062
0.372325569391
0.578879199125
1.38121264303
181.274279123
1.46712802768
0.98759076006
0.985972055137
0.709050365244
8.07421875
693.000061035
3.11491601632
-15088848.0271
0.437637805939
0.699253320694
0.490687308064
1.29503781661
111.790695886
1.40638216071
0.975104299125
1.37103424447
0.649181084198
9.1923828125
757.174194336
2.85127901292
-15460387.5111
0.444607764482
0.772292912006
0.486421594037
1.24972068704
118.315847751
1.64096885813
0.967668278245
1.47053162255
0.653594771242
12.2583007813
954.588745117
2.31521834586
-17228776.1977
0.47571799159
0.853635668755
0.493820864982
1.15442204054
122.846166859
1.74837370242
0.965148004299
1.52501192308
0.672895040369
9.1318359375
775.498840332
2.86293974036
-16264324.4853
0.48766091466
0.690579533577
0.518902122553
1.21318240411
115.409334871
1.44172241446
0.974244089523
1.33583601676
0.685413302576
0.465621948242
39.3208122253
13.4205452359
-839026.416884
0.654298067093
0.288683325052
0.678447366398
1.224488766
131.995201845
1.1076355248
0.989851662739
0.822822420994
0.803214148404
9.59014892578
611.829406738
2.27390326769
-6879321.62418
0.622709035873
0.696291685104
0.616940342083
1.07985869411
104.88627451
1.56232218378
0.974204743664
1.18062059184
0.772641291811
15.5754089355
1054.21362305
1.71727740319
-13662163.9023
0.60225725174
0.918341338634
0.590536505626
0.974030155847
87.9294425221
1.48413687043
0.96393239268
1.34353468265
0.756216839677
6.4921875
576.389892578
3.48828989141
-13026574.93
0.677936673164
0.49690592289
0.679739272787
1.07718507702
89.3803613995
1.13694732795
0.980236559563
0.979202871679
0.815455594002
6.87060546875
585.108581543
3.35373481684
-12581264.0002
0.63725912571
0.586137771606
0.641124254786
1.08944935161
106.370011534
1.53285659362
0.969266370216
1.14777030869
0.789742406767
18.7225341797
1416.3572998
1.57405091966
-21412268.4421
0.640492081642
0.940462470055
0.628953230628
0.93591759798
75.6212226067
1.15586312957
0.974085141498
1.19318754528
0.779100346021
4.658203125
422.447540283
4.24944757056
-10134328.3209
0.660602867603
0.456546425819
0.669794587448
1.12490224876
96.6668512111
1.11215686275
0.98238727664
0.975286988796
0.806120722799
9.25341796875
794.473754883
2.78118512448
-16392012.3433
0.661364018917
0.574387550354
0.659695108068
1.05108789241
86.1676585928
1.11741637832
0.98026744104
1.03046286819
0.802352941176
8.560546875
740.039001465
2.9364472892
-15650799.9741
0.639925301075
0.574126839638
0.643067985474
1.08484820979
82.8979623222
1.03184928874
0.982341900742
1.05797183795
0.789988465975
3.6474609375
283.808532715
4.67014719808
-5674642.64121
0.607903003693
0.531857073307
0.628093414283
1.17712908072
107.707650903
1.20209150327
0.980681911317
1.10125165518
0.773687043445
7.1640625
608.100830078
3.26908161002
-12961953.3158
0.632750988007
0.598032355309
0.638783031221
1.10653244457
84.6689119569
1.14866589773
0.978516283256
1.12041969874
0.78738946559
11.7944335938
889.760620117
2.31165617747
-15272620.0695
0.559424877167
0.835471272469
0.560937479315
1.07326642863
105.48201461
1.55866205306
0.968359517902
1.40861909635
0.734563629373
9.03549194336
763.508056641
2.89232688427
-16357526.6466
0.549805283546
0.739798903465
0.564878939857
1.19521990188
71.266497501
1.30875816993
0.966650804648
1.365365331
0.732087658593
1.85241699219
126.759284973
6.11253332872
-1862668.67013
0.513252079487
0.505976736546
0.569086981096
1.33824721687
92.2203152634
1.1785928489
0.98215217981
1.12718150975
0.710495963091
7.93151855469
713.122802734
3.2334520182
-17104752.7884
0.426900625229
0.695157408714
0.486560051889
1.31053170065
94.2966551326
1.30288350634
0.972700074032
1.37463578092
0.642091503268
9.50390625
777.190917969
2.7797698366
-15607471.887
0.463139772415
0.774887084961
0.498288044479
1.22102018882
99.0419684737
1.47124951942
0.969528458726
1.44576283879
0.668019992311
7.529296875
624.513916016
3.21097119559
-13144865.2656
0.472926080227
0.726924061775
0.514071432438
1.24386976732
93.3641830065
1.35581699346
0.97260127396
1.38739277303
0.677970011534
11.6569519043
942.10357666
2.48778709419
-19180123.7967
0.492010056973
0.840490937233
0.508911559849
1.13289409356
101.980007689
1.54171472511
0.966138958674
1.48505836217
0.687320261438
9.42138671875
767.952026367
2.7910928529
-15375838.8094
0.46738371253
0.776119828224
0.501067947338
1.21740839538
106.283890811
1.50874279123
0.970019423297
1.44584512144
0.67108035371
13.8137817383
1051.31652832
2.14367630016
-18666118.8706
0.475310981274
0.982103943825
0.486802778631
1.11433668737
85.8010611303
1.71906189927
0.952292911017
1.67546246929
0.674309880815
12.9261016846
986.260314941
2.25274518427
-17954654.8472
0.493535816669
0.963850080967
0.50328741523
1.10168078288
88.7651826221
1.73437908497
0.952875652166
1.64537256521
0.688827374087
9.98802185059
782.008605957
2.70316485268
-15455577.5756
0.494346410036
0.88054972887
0.514383457698
1.1419336081
79.1543560169
1.60178392926
0.955134653568
1.56743580505
0.692948865821
15.4685974121
1222.56506348
2.00804991486
-22406851.0029
0.48821541667
0.889825940132
0.49620187616
1.10282048008
104.168919646
1.53159554018
0.968195523517
1.50401485686
0.676770472895
5.1708984375
462.340942383
4.05065494878
-10999484.3475
0.454624921083
0.612289786339
0.515439523408
1.32046081348
101.990188389
1.41570165321
0.972370438923
1.28865791143
0.665590157632
12.6159667969
731.454101563
1.84373754719
-7029964.62016
0.495788693428
0.923924803734
0.494114899705
1.08480595233
156.634094579
2.50543637063
0.953689902967
1.58536303061
0.679292579777
9.24682617188
773.69921875
2.91990235255
-16910650.0834
0.403205245733
0.842274785042
0.460883673375
1.3025703558
106.105897732
1.60735101884
0.962304038086
1.56950590275
0.623021914648
6.78515625
564.358520508
3.42507918839
-12095005.5917
0.447200715542
0.724560379982
0.497877907959
1.28390309827
151.555924644
1.83935409458
0.967804566327
1.4367899031
0.658008458285
26.8981933594
1719.00012207
1.01869782363
-18972975.8598
0.47472602129
1.27952134609
0.459687732087
0.962514190134
72.4393079585
1.56029219531
0.955535553349
1.73905400749
0.648596693579
19.1680908203
1425.34838867
1.66592028732
-22997936.2267
0.464487105608
0.990201950073
0.467804255336
1.08031209464
103.286551326
1.47487889273
0.970468541442
1.57588051071
0.650872741253
11.5093231201
813.844482422
2.19040703667
-11851999.5353
0.651144862175
0.77363294363
0.642555193142
0.98350165998
77.8885659362
1.47407920031
0.962855641458
1.22158420876
0.793986928105
10.3927612305
824.756591797
2.67877243539
-16578971.3757
0.387057214975
0.925908207893
0.441230570385
1.27734968859
97.913940792
1.87546328335
0.949495632967
1.70921235412
0.609657823914
1.89990234375
166.275390625
6.85897196353
-4023472.74024
0.502125918865
0.490022063255
0.563001067847
1.34669057439
115.977270281
1.31324875048
0.979681725121
1.13362410253
0.701760861207
4.7578125
427.742492676
4.24734500406
-10305821.9742
0.450025737286
0.602790594101
0.514228591878
1.33773605531
128.83561707
1.54131487889
0.973751574248
1.28526232342
0.661714725106
10.9558105469
844.99005127
2.43069531857
-15020524.9877
0.587744951248
0.799701333046
0.589246735345
1.06599652706
57.5208612072
1.1598923491
0.969309169375
1.33669162805
0.756262975779
8.4853515625
726.279296875
2.9908131463
-15478359.7187
0.515346467495
0.666228950024
0.542538672953
1.28761826723
83.6595463283
1.18757401
0.976918625774
1.2796536569
0.706728181469
19.67578125
1470.6192627
1.51931052261
-21186955.2345
0.552746832371
0.815029680729
0.546962630319
1.02549509322
87.2267281815
1.10557477893
0.981081490942
1.24406463744
0.708681276432
18.4303283691
1260.2310791
1.59042263786
-17621760.8015
0.527772128582
1.14396214485
0.515943334603
0.969977699217
98.9827297193
1.93273356401
0.946457876262
1.70442797671
0.706374471357
22.2843170166
1388.24853516
1.15128777399
-14296503.5273
0.560180068016
1.09352731705
0.548044917985
0.916836816892
54.6587004998
0.959876970396
0.977326070237
1.32244194624
0.71537101115
23.6568450928
1664.93188477
1.19807283499
-20826286.9956
0.575501561165
1.04903721809
0.562010754743
0.925030783196
70.1839907728
1.1785005767
0.971889679222
1.3098777986
0.726689734717
15.48046875
1222.27648926
1.90593458535
-20461861.4345
0.570274055004
0.748241901398
0.568292374343
1.05480258887
89.0023836986
1.14189926951
0.980052156871
1.22300427371
0.731933871588
1.12319946289
93.9047317505
8.56788354291
-1962054.267
0.554465055466
0.399373650551
0.602651287611
1.29781061197
121.475001922
1.14411380238
0.98679354715
0.99420317248
0.738838908112
12.7014160156
924.037231445
2.08967474428
-14157543.473
0.646528422832
0.816310942173
0.637269991771
0.954018145751
76.9813456363
1.52796616686
0.959325070728
1.2606801818
0.791633986928
13.763671875
1111.73791504
2.09827198833
-19752353.1729
0.58355909586
0.712684452534
0.58269237186
1.05813574418
93.8322798923
1.19578623606
0.978684986294
1.20257937078
0.744698193003
17.9405212402
1193.98693848
1.48376705204
-14368756.1403
0.622418820858
0.961554288864
0.610789980076
0.914410444256
57.606212995
1.003029604
0.976342980483
1.1948158793
0.766674356017
10.7783203125
907.173278809
2.5070881889
-17798454.2909
0.636429727077
0.623066067696
0.635123112883
1.05204357942
88.1704575163
1.10868127643
0.980544277767
1.08440332857
0.784713571703
18.0397033691
1300.94506836
1.56485979387
-18149762.4254
0.64142292738
0.94139701128
0.629237834973
0.889266030506
68.2353556324
1.11960015379
0.973855220648
1.16801213969
0.782191464821
4.54406738281
425.2265625
4.38264792455
-10988593.4927
0.808884501457
0.362019121647
0.805143343886
1.06735537321
57.1235063437
0.718615916955
0.987461067077
0.67755365844
0.894963475586
14.9909973145
1063.3347168
1.82915117902
-15229717.5102
0.614197075367
0.899597406387
0.602667688248
0.97898742035
88.9554479047
1.45427143406
0.966188817928
1.32528135221
0.766705113418
5.50244140625
486.765625
3.86002312267
-11233232.9468
0.609037995338
0.537698745728
0.624529997202
1.16759522019
98.1311188005
1.23546328335
0.977287352067
1.111056691
0.773317954633
6.98291015625
603.913208008
3.34461046829
-13243258.3961
0.598623096943
0.594825685024
0.610872262805
1.14451151876
98.7375317186
1.29242599
0.97571992393
1.16922091944
0.765151864667
14.7552490234
1081.28979492
1.93258802124
-16987076.657
0.563241779804
0.949471175671
0.558496647535
1.06124695728
79.6160246059
1.40585928489
0.964118138561
1.48251059346
0.735793925413
21.1334228516
1428.88256836
1.33074054307
-17763004.6
0.559207737446
1.11435723305
0.546904946416
1.0043595298
69.4279123414
1.18492887351
0.970922922161
1.4524385376
0.723168012303
8.8544921875
737.370605469
2.89613296661
-15152260.2107
0.514456987381
0.716337859631
0.537453514714
1.17747329889
116.599307958
1.53863898501
0.96998899694
1.36505093012
0.705974625144
8.80470275879
566.697143555
2.41512893842
-6552544.44878
0.641993820667
0.672488331795
0.637086076585
1.04921973853
109.643060361
1.70734332949
0.969825672005
1.1573070258
0.788081507113
26.0757446289
1900.63391113
1.12162173096
-24332013.7548
0.55734950304
0.866294622421
0.547947193409
0.989498152905
80.503467897
0.902637447136
0.987366260529
1.15216700227
0.693333333333
25.611114502
1850.45056152
1.15254971133
-23954717.1681
0.546292841434
0.934084773064
0.535546886367
0.994341637229
93.9549404075
1.17893118032
0.98146399142
1.26885385196
0.688673587082
27.3330688477
1951.56628418
1.05539821679
-24003378.8992
0.537514805794
0.889561831951
0.528130175112
0.992999038658
83.1561091888
0.950988081507
0.986075984943
1.20408663687
0.6738485198
28.0197143555
1984.05456543
1.01365566056
-23818950.9831
0.53820669651
0.894405722618
0.528167632684
0.985234870486
86.1197385621
0.977593233372
0.985922018025
1.19585488567
0.67138792772
9.32958984375
731.800354004
2.78223413214
-14035995.2635
0.463411152363
0.815403223038
0.495349544943
1.20327021878
115.762460592
1.77018069973
0.96210697304
1.51900201788
0.669081122645
10.015625
834.04888916
2.66981727865
-16724522.486
0.531926453114
0.710486471653
0.546470719554
1.15441746521
110.151972318
1.56186082276
0.969312162912
1.33818556609
0.715617070358
14.5599365234
1154.58996582
2.03219158176
-20529717.8666
0.56149572134
0.859165489674
0.557949727259
1.03014259255
89.2545021146
1.57727028066
0.96015380129
1.43450035963
0.732702806613
11.5620117188
961.076538086
2.39381138239
-18407913.8569
0.601084113121
0.662486791611
0.602824848633
1.07130660954
75.4381853133
1.06752787389
0.979561479183
1.15373942639
0.760768935025
18.8203125
1448.43823242
1.53916919091
-21166613.637
0.666265428066
0.726905465126
0.657609237863
0.897790628054
63.8539023453
0.732702806613
0.989762656538
0.882644770741
0.787635524798
5.814453125
516.987670898
3.74057117245
-11921131.6326
0.617136716843
0.529504776001
0.630855559443
1.21336973286
82.1226605152
1.10243752403
0.979453793876
1.08005674283
0.778316032295
0.130996704102
11.1136646271
25.4274027449
-239213.384585
0.59521406889
0.303140491247
0.637881837716
1.31732628147
109.676370627
0.890396001538
0.992403808197
0.854928579843
0.766305267205
10.0814819336
793.735168457
2.62027406547
-15224867.4447
0.628418505192
0.794001638889
0.624603272423
1.00862466556
102.781699346
1.86989619377
0.950662778208
1.37288029598
0.783821607074
0.0
0.0
0.0
0.0
0.649414241314
0.250941127539
0.679340827627
1.22895120476
95.7446212995
0.753894655902
0.994064189628
0.763616503424
0.801368704344
20.4971313477
1257.29602051
1.26298401041
-12956220.268
0.536735534668
1.06167435646
0.524030098854
0.984086154064
93.9141253364
1.39343329489
0.970104248045
1.45904239045
0.698039215686
4.8759765625
424.504486084
4.12303321049
-9731939.99826
0.599808573723
0.544278264046
0.61677415385
1.16529020277
121.749081123
1.54429834679
0.972199997136
1.15284714595
0.766828143022
13.3095703125
1081.41247559
2.15436860353
-19517113.937
0.586515247822
0.70319801569
0.586058840706
1.05853293293
90.2245597847
1.19332564398
0.977978491839
1.1978249512
0.747666282199
8.337890625
670.337036133
2.96100197046
-13239191.179
0.561675071716
0.715795040131
0.572477967292
1.12425732207
120.40839677
1.7875586313
0.963334593148
1.35796056019
0.739146482122
6.30517578125
528.258666992
3.55573858637
-11410313.1204
0.511257946491
0.668289959431
0.542695771966
1.21219131163
143.336470588
1.85322568243
0.964963320468
1.35533002399
0.705697808535
20.478515625
1503.91516113
1.44033055232
-20753761.4414
0.56492972374
0.86690312624
0.554349918886
1.00644260058
115.524367551
1.41970011534
0.976516330443
1.28339492013
0.715186466744
0.728912353516
61.2980918884
10.6929408558
-1297339.71204
0.562939822674
0.36990249157
0.609949424888
1.30062564806
141.578069973
1.21248750481
0.988191564923
0.958187672188
0.744021530181
8.7919921875
737.656616211
2.90913894618
-15273245.6437
0.526403844357
0.698176085949
0.546088650315
1.17018297498
117.343975394
1.60104575163
0.968958881637
1.34203050921
0.713740868897
6.7158203125
550.379821777
3.39776281807
-11456486.3932
0.54318600893
0.674069166183
0.563980454446
1.17336637096
139.055809304
1.80816608997
0.966621673986
1.33545210606
0.727612456747
8.14892578125
649.604736328
3.01585946023
-12835162.8613
0.511494338512
0.749008059502
0.534343960157
1.17499159162
132.073971549
1.79404844291
0.965162998706
1.42423580495
0.704682814302
7.15141296387
458.516357422
2.78167135149
-5524550.11575
0.629498362541
0.669704854488
0.629051579813
1.07337770787
117.242168397
1.82600538255
0.96672321472
1.21243708997
0.783437139562
10.3696289063
835.907958984
2.57087766367
-15930779.9003
0.574187099934
0.73978894949
0.578767880747
1.09154258574
104.738885044
1.49865436371
0.970265057423
1.3146152026
0.745359477124
18.4955596924
1373.79309082
1.6296127197
-21092753.2746
0.563822627068
1.01144528389
0.553539036608
1.00238080547
91.1820376778
1.53181084198
0.962289817736
1.49237100462
0.72862745098
10.3295898438
794.72265625
2.57942778266
-14562809.8141
0.492151141167
0.833112835884
0.512494819178
1.15527142375
100.620161476
1.54263744714
0.967162392052
1.48441553102
0.689457900807
12.9443359375
1012.95727539
2.18618933957
-17759365.7307
0.564171791077
0.805133104324
0.56408265274
1.06509408381
101.057562476
1.51664744329
0.968436932958
1.36805768326
0.734871203383
7.54296875
623.088378906
3.17665147977
-12916314.9103
0.546587347984
0.685981988907
0.564664619662
1.15682233035
124.507281815
1.65810073049
0.968221087785
1.32782281238
0.729611687812
7.37841796875
644.93951416
3.24750971268
-14229083.097
0.581668078899
0.586675405502
0.596248341239
1.14454271479
101.257085736
1.28956555171
0.976871770807
1.16541888374
0.753002691273
5.89453125
483.52746582
3.71162207043
-10361326.7276
0.411165356636
0.732142150402
0.478559932336
1.33828865966
181.070080738
2.22729719339
0.959829538168
1.4899478087
0.630665128797
31.8435668945
2134.98901367
0.810318309081
-22609229.8466
0.519619584084
0.93238067627
0.507252627439
0.946671360867
103.407889273
1.17453287197
0.98251103997
1.23190556151
0.639215686275
27.2571563721
1663.51708984
0.970621286653
-17006673.9515
0.445075184107
1.25184106827
0.42920372796
0.975089591002
108.484644368
1.83670895809
0.953643470182
1.78079554384
0.622437524029
8.1328125
671.810791016
3.07398117922
-13996476.1628
0.446391522884
0.756371200085
0.491390380389
1.25586634797
123.139161861
1.7506497501
0.964349920779
1.46835009628
0.656716647443
7.8671875
651.565002441
3.13148248842
-13640924.7896
0.461360365152
0.741018652916
0.500654565385
1.2405799942
143.435663206
1.96170703576
0.961981983234
1.46385025981
0.66738946559
11.4643554688
924.777954102
2.39975517771
-17251076.2761
0.577076673508
0.745238721371
0.578594632266
1.06299052423
104.135117263
1.59750865052
0.965687650054
1.31957345939
0.74583621684
4.97216796875
404.531280518
4.05800934299
-8643358.89411
0.438027083874
0.689116001129
0.501764070099
1.32559360431
134.857331795
1.76556708958
0.96696017451
1.40393949509
0.653440984237
7.03173828125
583.593078613
3.32526927115
-12307087.4548
0.522241294384
0.686103522778
0.549481545338
1.19281332187
110.966366782
1.5230449827
0.969896640304
1.33839412461
0.713648596694
3.173828125
262.884796143
5.18514698563
-5857740.62099
0.440826445818
0.607115149498
0.516464043685
1.37330836258
133.087735486
1.56373702422
0.973244500967
1.29456599445
0.656639753941
12.2875976563
977.648803711
2.33185565528
-18123947.6793
0.461879581213
0.824527978897
0.485768350829
1.17936378442
107.712018454
1.62980392157
0.965948101534
1.49787659289
0.661883890811
44.5365905762
1543.23803711
0.396249523349
-12158525.0483
0.269467413425
1.56255042553
0.250904053967
0.98325206879
154.356355248
2.73950019223
0.940897076022
2.25564568053
0.303898500577
2.89360046387
235.789733887
5.19928136912
-4641529.79631
0.566317081451
0.475464582443
0.601217793233
1.23876578183
133.342053057
1.35903114187
0.98232066495
1.07376232502
0.746497500961
16.5009765625
787.484985352
1.68014766797
-7229463.61402
0.203992813826
1.16282176971
0.316393370603
1.45343284818
143.983698577
2.08098423683
0.95685024162
1.94456253054
0.395724721261
16.5676116943
909.492675781
1.41182502862
-7403597.26652
0.488276660442
0.987453520298
0.482555672064
1.05602668621
116.369950019
1.84664359862
0.966431204169
1.54220041602
0.660822760477
2.419921875
147.027694702
4.94776978564
-1631225.03385
0.388496100903
0.604627072811
0.490242729876
1.4668704855
184.445459439
1.83120338331
0.979580608192
1.27759271677
0.614963475586
12.3237304688
981.043273926
2.4146550913
-18917429.4481
0.309540688992
0.859478831291
0.398302433054
1.40655127162
146.441399462
1.9076970396
0.963412065929
1.61568002404
0.533456362937
15.4409179688
1128.34936523
2.01874088333
-18814676.5741
0.324386119843
1.00622296333
0.382861570085
1.29090863999
140.469450211
2.03721645521
0.957067447107
1.78326256069
0.542668204537
7.72399902344
503.35546875
2.65552031029
-6089420.48865
0.629032194614
0.654983639717
0.627782337051
1.07794278056
116.844536717
1.80865820838
0.968425856011
1.18477791758
0.781745482507
6.98291015625
601.96081543
3.33308205573
-13110178.4399
0.628291368484
0.580394506454
0.6351936022
1.1180842595
93.618946559
1.25164167628
0.976748966348
1.1222347123
0.784221453287
28.9775848389
1333.42626953
0.466957321699
-6497482.03189
0.525543689728
0.962584376335
0.511970586062
0.812184368187
70.6547174164
0.945005767013
0.987345614585
1.0648857478
0.604521337947
0.435546875
27.6625480652
12.0127288814
-333153.476988
0.762630224228
0.219729319215
0.769263468506
1.14191389082
101.381683968
0.852964244521
0.992419095243
0.650705365505
0.869173394848
7.12646484375
628.742431641
3.28613359724
-13900023.2794
0.702670454979
0.495782405138
0.700916911116
1.05603077046
91.8554402153
1.0555324875
0.983570338062
0.926913276552
0.830003844675
17.3432617188
1335.60229492
1.67889051453
-20425401.6832
0.638491332531
0.778656601906
0.627119218365
0.978478073149
97.4840445982
1.20636678201
0.980880016561
1.0930000389
0.773271818531
7.1025390625
583.479492188
3.33318275607
-12299429.2076
0.428465157747
0.752553582191
0.48465420448
1.29682788994
149.954109958
1.81422529796
0.967298566597
1.47054280383
0.644090734333
22.04246521
1513.77270508
1.26654817945
-18645946.7877
0.579743146896
1.06228518486
0.564362430385
0.931755458809
89.4555017301
1.38057670127
0.969890366148
1.33774080547
0.73354863514
24.686050415
1207.38220215
0.742510323956
-6854836.43258
0.513592720032
1.03283679485
0.499484055418
0.967563458546
75.8859515571
1.18711264898
0.978590416477
1.31567275247
0.634386774318
19.6684570313
1452.71972656
1.55365621976
-21166432.1568
0.490178346634
0.856144785881
0.488519220405
1.06474424643
126.492887351
1.66557477893
0.969480136799
1.43041120053
0.661822376009
3.93994140625
357.076812744
4.66339053116
-8670077.83376
0.665602505207
0.441575825214
0.67646058599
1.18841298048
78.2516878124
1.06008458285
0.980160669782
0.966295611848
0.810196078431
17.1447753906
971.98651123
1.30176570614
-7664675.54572
0.608038008213
0.867851912975
0.597074203353
0.987979656236
60.6434755863
0.908050749712
0.984429997809
1.0989052246
0.741822376009
19.4915771484
1081.94677734
1.09497112252
-7722369.80104
0.615307807922
0.826576888561
0.606542768264
0.000853684242308
38.5813148789
0.514417531719
0.99314231872
0.887524533422
0.734640522876
19.303894043
1511.62939453
1.5353246553
-23253935.6078
0.672386586666
0.827724158764
0.663793166589
0.00532021588652
44.0215301807
0.683583237216
0.985635566751
0.923876889471
0.796355247982
28.1692504883
1269.32897949
0.499724574228
-6217363.33872
0.496852219105
1.14960503578
0.479960665293
0.00621056873029
69.4540561323
1.13879277201
0.976584226901
1.31282374132
0.602337562476
15.8332824707
895.375732422
1.41449267368
-7480094.13989
0.636347651482
0.949299097061
0.624906343862
0.0311723361152
36.4667435602
0.786620530565
0.978985627435
1.08807331205
0.770795847751
15.5414581299
899.887207031
1.43312270044
-7505594.1605
0.656451582909
0.842090368271
0.646207996008
0.0118316406242
37.0434448289
0.668204536717
0.985096696022
0.948539041214
0.780976547482
12.4542236328
791.280517578
1.82919699705
-8250883.60743
0.72366464138
0.676705658436
0.715517920133
0.0212373282843
36.985774702
0.505959246444
0.992559633275
0.740987022498
0.831141868512
12.6800537109
790.220275879
1.76586175627
-7714930.13173
0.719032764435
0.655566871166
0.711467836654
0.00114367025693
32.8719723183
0.438292964245
0.994157132542
0.707948693533
0.826682045367
15.0100708008
900.453063965
1.49895132285
-7897800.50314
0.679838895798
0.722196578979
0.671813367496
0.00100156893709
34.7750865052
0.463667820069
0.993818861268
0.777606415892
0.795201845444
25.6118774414
1905.21948242
1.11746996874
-24487832.2513
0.61895608902
0.820832848549
0.610249573132
0.000483493181222
67.9738562092
0.679738562092
0.99320329405
0.881316087811
0.7384698193
25.5310058594
1901.26831055
1.12233995785
-24504656.2404
0.6197463274
0.819586396217
0.611160834157
0.000484256755487
66.7435601692
0.667435601692
0.993326311352
0.87919985534
0.739346405229
25.3952026367
1894.60400391
1.13055205433
-24532398.7219
0.621079206467
0.817481994629
0.612462883276
0.000485501422551
67.0511341792
0.670511341792
0.993295557026
0.877298543009
0.740699730873
24.9755859375
1873.77868652
1.15620482178
-24613938.6632
0.625244259834
0.81089091301
0.616778930648
0.000489591220305
65.5132641292
0.655132641292
0.993449328654
0.869586286762
0.745005767013
25.2479553223
1815.81079102
1.11858831403
-22653243.7098
0.595794022083
1.0014026165
0.584772135048
0.0535131606156
54.1330257593
0.925028835063
0.97814118719
1.13616582209
0.731964628989
24.2553710938
1837.21411133
1.20125922676
-24738221.057
0.632557153702
0.799261271954
0.624093157439
0.000497242450185
65.5132641292
0.655132641292
0.993449328654
0.857880638454
0.752264513649
23.8891601563
1818.22399902
1.22469273665
-24793272.5001
0.636355161667
0.793192207813
0.628075244002
0.000501496468206
63.6678200692
0.636678200692
0.993633854608
0.850471080956
0.756047673972
22.705078125
1754.98718262
1.3030915073
-24929791.802
0.649002552032
0.772834658623
0.640916828103
0.000516907712047
61.8223760092
0.618223760092
0.993818380561
0.828664714747
0.768073817762
21.8597412109
1708.12573242
1.36175259989
-24984526.6456
0.658374786377
0.757598102093
0.650272710123
0.000529663500189
62.1299500192
0.621299500192
0.993787626235
0.81352800394
0.776578239139
20.6527709961
1638.74023438
1.4499132987
-24992978.8978
0.672251939774
0.734792947769
0.664481467676
0.000550615367084
59.0542099193
0.590542099193
0.994095169491
0.788362044812
0.788896578239
19.4259643555
1565.22827148
1.54558874252
-24907390.1112
0.686954379082
0.710297703743
0.679373475644
0.000575804891849
57.5163398693
0.575163398693
0.994248941119
0.762564313033
0.801337946943
17.4499511719
1398.72338867
1.6947132188
-22943498.0909
0.697681248188
0.777457118034
0.689274248378
0.00527239334129
43.2333717801
0.698193002691
0.984469047963
0.874982971454
0.815763168012
16.1041259766
1351.06970215
1.84432693691
-24103584.0985
0.729786038399
0.636794745922
0.722750241656
0.000669725097874
53.5178777393
0.535178777393
0.994648747351
0.685514527311
0.835017301038
13.3377075195
1101.63134766
2.11770187723
-20234245.9423
0.751860797405
0.688940167427
0.744075519294
0.00494340676691
38.7543252595
0.675893886967
0.984131585979
0.784335956298
0.855624759708
21.2051391602
1670.85595703
1.40888493092
-24999838.515
0.665828824043
0.74538564682
0.658014054926
0.000540568589286
59.3617839293
0.593617839293
0.994064415166
0.799259909204
0.783314109958
23.5851287842
1627.91333008
1.17880938595
-19781051.0119
0.583253204823
1.10249698162
0.57116934536
0.0347528682663
51.4225297962
0.990388312188
0.974333511363
1.2620278827
0.73447135717
25.2464294434
1870.15185547
1.13427420366
-24085893.7044
0.615817129612
0.875466227531
0.60737098135
0.00960307501586
44.3483275663
0.645905420992
0.988183377352
0.952139081779
0.74000768935
16.2609100342
955.151123047
1.37445277116
-7907349.86088
0.660390734673
0.754303693771
0.650079792042
0.000947656879136
47.5778546713
0.634371395617
0.991543218153
0.825488396107
0.777254901961
17.2256469727
995.200622559
1.28535095378
-7880188.84787
0.646150946617
0.777444839478
0.636726987535
0.00091257203885
42.3875432526
0.565167243368
0.992465776173
0.842688170203
0.764752018454
17.2840118408
962.14440918
1.26465370665
-7343691.35569
0.623315930367
0.920558810234
0.611298788137
0.00763056177129
37.447135717
0.79661668589
0.979414679289
1.05178579484
0.753971549404
17.2588348389
996.545288086
1.28238076528
-7878776.6055
0.645672798157
0.778216600418
0.63667266436
0.000911453411002
39.9653979239
0.532871972318
0.992896303249
0.840523783186
0.764521337947
10.7940673828
693.043212891
2.02888571604
-7372318.63362
0.753584623337
0.594415903091
0.745316148094
0.0013183259427
37.7162629758
0.502883506344
0.99329607839
0.651948981079
0.851595540177
14.0453338623
856.128662109
1.6032074079
-7850561.42973
0.695598721504
0.695727825165
0.685042863797
0.00105659783583
49.4809688581
0.659746251442
0.991204946879
0.768392977331
0.806858900423
10.4862213135
676.50579834
2.07720586126
-7297088.93522
0.759464621544
0.583757460117
0.75250002878
0.00134883478518
30.4498269896
0.405997693195
0.994587659618
0.632322500959
0.856378316032
13.8404846191
846.477294922
1.62640319013
-7835586.85481
0.699030280113
0.689908325672
0.690847944473
0.00106584811059
35.9861591696
0.479815455594
0.99360359773
0.746500180058
0.810811226451
16.2780761719
955.879943848
1.37281833775
-7907112.86537
0.660131573677
0.754727602005
0.651213074911
0.00094641939237
39.6193771626
0.528258362168
0.992957807116
0.816405630314
0.777731641676
25.6271362305
1905.96350098
1.11655281211
-24484629.7533
0.618807315826
0.821067512035
0.61028290512
0.000483404646545
66.1284121492
0.661284121492
0.993387820003
0.880257407846
0.738408304498
19.6483612061
1087.5690918
1.08262878905
-7707467.32791
0.613308787346
0.829716801643
0.604120793573
0.000850373211278
41.0034602076
0.546712802768
0.992711791645
0.893674663192
0.7323183391
15.8081054688
1017.57507324
1.57234633385
-11240008.6316
0.669224083424
0.850241243839
0.657046650114
0.00390604302064
58.2083813918
0.851980007689
0.985369221548
0.961144269453
0.793771626298
20.6211090088
1206.03930664
1.13256055587
-10461965.1024
0.596148908138
0.978083372116
0.582827255894
0.00352305815706
63.3602460592
0.928873510188
0.983648831195
1.10227071547
0.7292272203
19.9081420898
1096.77661133
1.0623865422
-7681833.12133
0.610035061836
0.834847807884
0.600759293212
0.00084546991467
41.5224913495
0.553633217993
0.992619535843
0.899473623648
0.728781237985
30.5656433105
1496.94348145
0.524829397627
-9371184.856
0.487595975399
1.19419014454
0.472656340942
0.00205535361808
67.0895809304
1.02729719339
0.980331940496
1.34082494474
0.602722029988
22.6226806641
1184.9152832
0.864392591073
-7359225.50283
0.578696727753
0.883281230927
0.569045554862
0.000812151767526
44.1176470588
0.588235294118
0.992158256833
0.951309462638
0.692072279892
13.0268096924
807.312927246
1.72266028466
-7757614.28244
0.712955355644
0.6660785079
0.704578072876
0.00111976379614
37.3702422145
0.498269896194
0.993357582258
0.724098369295
0.821622452903
16.9658660889
984.599304199
1.30881009332
-7890187.78702
0.649920225143
0.77134847641
0.640864596573
0.000921235384116
40.3114186851
0.537485582468
0.992834799381
0.834019381302
0.768427527874
13.2396697998
817.686340332
1.6968103906
-7780954.37083
0.709267020226
0.67242449522
0.701210455565
0.00110440390856
35.4671280277
0.472895040369
0.993695853532
0.728192926606
0.818931180315
20.2548980713
1108.85644531
1.03575749461
-7645887.17721
0.605739951134
0.841558337212
0.596318182298
0.000839380525249
42.3875432526
0.565167243368
0.992465776173
0.907282388246
0.724044598231
23.4878540039
1683.1229248
1.20742866927
-21429570.4785
0.601909995079
1.01149535179
0.590495219166
0.00244768895085
50.5767012687
0.913494809689
0.977374076663
1.1513085653
0.744713571703
16.8857574463
981.302978516
1.31612104871
-7892885.51783
0.651092290878
0.769448637962
0.642250464753
0.000923965582679
39.1003460208
0.521337946943
0.993050062918
0.830622429051
0.769611687812
22.6135253906
1184.64282227
0.865024018767
-7360438.25173
0.578793644905
0.883133292198
0.569354008196
0.000812491376192
42.9065743945
0.572087658593
0.992373520371
0.949679691544
0.6923029604
12.7281188965
795.007202148
1.76648490429
-7830695.62012
0.718285083771
0.664857745171
0.710418681721
0.0944823456353
34.3521722414
0.469819300269
0.993266330779
0.723144379083
0.826266820454
17.1478271484
992.0390625
1.29233881871
-7883383.07986
0.647274971008
0.77562892437
0.638216057261
0.000915097464803
40.3114186851
0.537485582468
0.992834799381
0.838336817407
0.765982314494
23.1369018555
1172.21850586
0.820460439078
-6997498.30252
0.554762601852
1.01572024822
0.542007963636
0.0121876896101
54.6520569012
0.834294502115
0.984908911608
1.13262695945
0.676878123799
17.0070648193
980.281433105
1.30259908416
-7796680.0455
0.645424246788
0.808780908585
0.635223375625
0.036542651479
44.5982314494
0.641291810842
0.989701670552
0.89217510877
0.765920799692
26.6326904297
1270.92822266
0.600782628943
-6658122.87599
0.529838144779
1.02676892281
0.517044081676
0.0172925277858
57.0549788543
0.841214917339
0.985722048148
1.13846958831
0.632525951557
28.6113739014
1327.24230957
0.487965986167
-6543063.26189
0.528091609478
0.959084093571
0.518059825983
0.000839849125406
48.9619377163
0.652825836217
0.991297202681
1.03287503884
0.611164936563
21.9806671143
1165.40026855
0.909212768863
-7442707.17333
0.58563542366
0.87266099453
0.576321565376
0.00081757704203
42.0415224913
0.560553633218
0.992527280041
0.938110143439
0.700884275279
20.1725006104
1468.80456543
1.43927211027
-20612944.3151
0.62942892313
1.0245950222
0.617020820756
0.0130306505261
61.9953863899
1.29873125721
0.962925027099
1.21586589674
0.77108804306
23.3051300049
1702.03955078
1.23128536935
-22290544.9352
0.61252361536
0.971840679646
0.602098389804
0.00314867899466
49.4809688581
0.82583621684
0.981105191026
1.09486057315
0.750434448289
15.5361175537
908.369262695
1.43802525221
-7650681.65932
0.661803662777
0.811887264252
0.652122055087
0.0180930747243
40.5036524414
0.626682045367
0.988351807246
0.901687445645
0.783590926567
26.1989593506
1278.53637695
0.632108936563
-6863401.60044
0.54540926218
0.933458805084
0.535564484662
0.000812622950184
46.5397923875
0.620530565167
0.991727729757
1.00446533033
0.643798539023
24.3804931641
1234.12854004
0.746908356281
-7118258.19213
0.561198711395
0.909813284874
0.552187959057
0.000807716271222
41.0034602076
0.546712802768
0.992711791645
0.974047165851
0.668727412534
19.3691253662
1077.5213623
1.10467823253
-7733700.02969
0.616881251335
0.824101686478
0.607902878274
0.000856053044566
39.7923875433
0.530565167243
0.992927055183
0.886534051813
0.736178392926
20.0469970703
1391.55969238
1.38226232482
-17672756.9579
0.621142804623
1.00423240662
0.608612768667
0.00196384178763
53.4217608612
1.03652441369
0.972644678012
1.16505019523
0.766197616301
27.3239135742
1302.69726563
0.563883097139
-6709833.93204
0.536818742752
0.946209847927
0.527076034193
0.000823052538817
46.5397923875
0.620530565167
0.991727729757
1.01716158572
0.628681276432
25.1754760742
1259.35339355
0.702953155957
-7146073.49807
0.553114235401
0.93760484457
0.542992897802
0.0566140333822
50.461361015
0.664359861592
0.990882987426
1.01583227954
0.65814686659
23.6434936523
1214.24719238
0.795298575017
-7220853.6175
0.568267643452
0.89913713932
0.557458009008
0.000805655848292
51.0380622837
0.680507497116
0.990928179473
0.975532660965
0.677739331027
21.0636138916
1129.15246582
0.972978135383
-7471771.04657
0.591360330582
0.898526668549
0.580053340854
0.035472845245
50.9803921569
0.719723183391
0.988809701993
0.988398547834
0.710680507497
28.2764434814
1367.21948242
0.564219013852
-7708126.62548
0.520361065865
1.05702579021
0.507220079936
0.00566453434441
60.2556708958
0.887735486351
0.984662350266
1.1741855671
0.621514801999
22.2900390625
1639.4609375
1.29511737435
-22040586.2666
0.621801018715
0.961574554443
0.61123947389
0.00292745715851
49.1541714725
0.851980007689
0.979616108016
1.08998958124
0.759769319493
21.1898803711
1140.22998047
0.966030755647
-7540259.56678
0.594584941864
0.858877599239
0.58406503115
0.000824860426012
48.7889273356
0.650519031142
0.991327954615
0.932416019657
0.710911188005
25.9841918945
1152.0045166
0.603867003278
-5822675.66251
0.474535226822
1.26866686344
0.45448439495
0.00271136750822
58.3237216455
1.31026528258
0.96371853155
1.49330430418
0.612272202999
17.4819946289
632.108764648
0.928431417826
-3043381.58606
0.54494291544
0.999992609024
0.531562984514
0.0103607737256
44.2906574394
0.80123029604
0.984827038068
1.11702522525
0.655194156094
21.2368011475
1199.20776367
1.04822619679
-9424500.06552
0.589197218418
0.963323235512
0.574956039414
0.00482600746263
66.6858900423
0.974240676663
0.983401798824
1.08787284664
0.716801230296
23.4210968018
1188.84655762
0.804208377924
-7052528.83669
0.557413876057
0.990211188793
0.544020052974
0.0177399463847
60.4959630911
0.881968473664
0.985490585211
1.10493496948
0.674725105729
20.6726074219
1114.16247559
1.00122075207
-7490294.48868
0.594685912132
0.900626778603
0.583244560982
0.0347484582017
51.23029604
0.726643598616
0.988732556876
0.993211005499
0.715232602845
28.7334442139
1313.41394043
0.47665026392
-6409850.51142
0.515789210796
1.04414832592
0.50251418895
0.0181359736678
60.8035371011
0.886582083814
0.985260523483
1.15872249858
0.60432141484
22.5921630859
1728.55444336
1.30367716048
-24308926.7881
0.642585277557
0.838384985924
0.634697878393
0.010490257431
40.1960784314
0.588235294118
0.989243570461
0.911163390955
0.766597462514
30.0094604492
2100.37841797
0.872380023177
-23307046.239
0.579924345016
0.881406545639
0.571328870317
0.000458047697267
67.6662821992
0.676662821992
0.993234048375
0.941932612162
0.69416378316
19.2401885986
1518.84362793
1.54606810457
-23651279.5825
0.67681491375
0.807851910591
0.668999054307
0.455418820013
36.7935409458
0.578239138793
0.988706316458
0.884376058851
0.798339100346
21.5522766113
1614.22338867
1.35305832966
-22510233.1204
0.635365188122
0.924365580082
0.625580267489
0.0034973676877
46.0784313725
0.777393310265
0.982211064303
1.0393165997
0.769411764706
14.8384094238
1042.96325684
1.78332910243
-14229727.6395
0.693462610245
0.839368402958
0.684068926851
0.00288725383459
40.676662822
0.725105728566
0.982963831962
0.951624709198
0.817823913879
18.8941955566
1320.98022461
1.49066611691
-17760965.6072
0.628550767899
1.0554459095
0.617320407066
0.0150356016782
42.0415224913
0.998077662438
0.97002046854
1.23040859277
0.774825067282
18.4497833252
1302.5670166
1.52537949448
-17764880.5099
0.638166427612
1.02441990376
0.626967883083
0.0182309945531
43.3679354095
0.978854286813
0.971601557718
1.19315058043
0.78123798539
18.8011169434
1288.28747559
1.48080728981
-16847893.1162
0.623190820217
1.07575261593
0.61165979098
0.0127069215327
42.4452133795
1.02499038831
0.96911402256
1.25775149403
0.771441753172
17.9149627686
1272.88232422
1.55014439336
-17235239.4542
0.65235221386
0.938208341599
0.641545000422
0.00223044252805
45.6362937332
0.870434448289
0.977819756861
1.07436962347
0.789757785467
33.7882995605
1537.77514648
0.348841430738
-8803416.25908
0.466124266386
1.23222792149
0.451395293059
0.00192520315669
59.0061514802
1.01307189542
0.977110064633
1.38787998489
0.562322183775
30.7250976563
1530.25732422
0.561229209946
-10346690.2772
0.465863674879
1.34081971645
0.448174590408
0.012769274839
76.4417531719
1.33371780085
0.968171750343
1.55588475938
0.602399077278
30.233001709
1328.32092285
0.388523524213
-6184085.95672
0.500607132912
1.09208381176
0.488081667344
0.0106908926261
53.38331411
0.855824682814
0.98315906849
1.21553695642
0.583329488658
22.9270935059
1191.24829102
0.855800883012
-7505504.73699
0.564972758293
0.99018406868
0.552785390648
0.0405649688308
52.2106881968
0.811226451365
0.984526175302
1.10844248192
0.685397923875
27.6912689209
1310.03881836
0.542001810679
-6661088.45623
0.534208416939
0.950068950653
0.524869230759
0.000826436608236
47.0588235294
0.627450980392
0.991635473955
1.02094621298
0.624590542099
20.3170776367
1547.16955566
1.44479735613
-22529840.8627
0.651685357094
0.891310036182
0.642562417879
0.00388672068572
43.9830834295
0.716647443291
0.984268819124
0.996872681661
0.782606689735
17.1997070313
970.649597168
1.27768248072
-7525261.08759
0.63166821003
0.882218539715
0.620156393166
0.0101250907063
40.7727797001
0.762014609765
0.982362534641
1.00142024412
0.758415993849
25.8739471436
1166.71484375
0.617552674731
-5983468.53478
0.484036028385
1.23888623714
0.467348654977
0.00296984353276
44.4444444444
1.08035371011
0.96858883704
1.43219702613
0.619807766244
20.6287384033
1112.37890625
1.00439033151
-7491150.982
0.595012247562
0.901187419891
0.58402758635
0.0225861521815
43.5217224145
0.688965782391
0.987305724851
0.998560167304
0.715970780469
30.6400299072
1288.67626953
0.352680897485
-5846919.3264
0.468710482121
1.2252676487
0.455475521392
0.00501816553894
51.3360246059
0.893118031526
0.979997434332
1.367741975
0.566336024606
26.8657684326
1139.56445313
0.537667014454
-5494023.46476
0.452432692051
1.32598781586
0.436285301678
0.00235364400721
43.291041907
1.04575163399
0.968928675492
1.52168078618
0.595017301038
27.5943756104
1277.64916992
0.539296792935
-6431872.68661
0.513575911522
1.08545923233
0.499918061385
0.0102515491407
57.9200307574
0.914263744714
0.982589522607
1.21625053425
0.616086120723
23.2215881348
1141.68505859
0.803025329726
-6641513.80155
0.533764243126
1.10847699642
0.518895817464
0.00421120421897
42.4548250673
1.0153787005
0.970677817058
1.28048084418
0.667620146098
8.08410644531
540.955200195
2.5294806787
-6494918.35173
0.807660341263
0.493207871914
0.800310412773
0.00172624444852
34.0830449827
0.454440599769
0.993941869004
0.544948524837
0.888335255671
12.7395629883
1032.23779297
2.17036431335
-18610563.1779
0.754008173943
0.70169699192
0.740822326136
0.00397949289121
73.7600922722
1.20876585928
0.974082185916
0.846398135846
0.855532487505
12.6541137695
803.275146484
1.81736160167
-8474518.6221
0.717905163765
0.718457639217
0.707770454241
0.0900567048109
49.4425221069
0.682814302191
0.989716058359
0.80318733225
0.827189542484
