5.95855712891
259.473052979
2.39528619964
-1348060.3882
0.650574088097
0.625806033611
0.645954816597
1.0610549719
126.081322568
1.58391387928
0.978659067881
1.06500885718
0.792402921953
15.7432556152
1044.01757813
1.66984965913
-12870134.0641
0.605688869953
0.913950681686
0.594168423377
0.907013894695
84.2662360631
1.56948865821
0.959462942853
1.33061309012
0.757293348712
0.0
0.0
0.0
0.0
0.492733895779
0.358387410641
0.569880785863
1.40288258325
159.739730873
1.25779315648
0.990096730882
0.960671166487
0.694655901576
0.16731262207
14.1881923676
22.4857548085
-305326.285826
0.649000108242
0.268927872181
0.67573704125
1.25658454571
134.426451365
1.0921953095
0.990681585171
0.80368921757
0.799892349097
25.6591796875
1899.29650879
1.12442995541
-24461633.2396
0.600070595741
0.834090709686
0.589631721038
0.913697187297
80.7942176086
0.876155324875
0.988656182256
1.00392816322
0.724905805459
6.33203125
543.179260254
3.53682051061
-11936404.5145
0.603089570999
0.590211987495
0.614552866293
1.13804249151
117.086905037
1.50280661284
0.972707191497
1.1823417933
0.768043060361
20.3956604004
1255.78686523
1.26511279275
-13275225.194
0.573728740215
1.15863955021
0.559169372203
0.886995833463
58.4867358708
1.25490196078
0.964965090738
1.42062800389
0.730426758939
1.45393371582
120.961959839
7.4960266282
-2500016.10724
0.551384031773
0.419474989176
0.598038312239
1.29121433414
137.468512111
1.2276816609
0.987008246364
1.01523558685
0.736224529027
0.0
0.0
0.0
0.0
0.611496508121
0.27744102478
0.647054646388
1.26167925917
163.708419839
1.28904267589
0.989850686929
0.838665272391
0.775194156094
0.239944458008
20.3308067322
18.7512624428
-436744.650068
0.769750773907
0.189528331161
0.773884881292
1.1512903762
140.756693579
1.15327950788
0.989943641894
0.635074239325
0.872018454441
4.2667388916
366.945068359
4.36539780745
-8251625.82241
0.870573401451
0.352754116058
0.865058918072
0.940824002558
44.2113648597
0.708527489427
0.983747097917
0.556866749082
0.92953479431
0.0
0.0
0.0
0.0
0.47229963541
0.371874719858
0.55960032951
1.43402136554
141.384544406
1.11326412918
0.991234684166
0.970662675437
0.680399846213
9.65156555176
620.42175293
2.2473830021
-6954005.97801
0.672252833843
0.653259158134
0.663224012058
1.03270369438
103.153679354
1.62374471357
0.972282630005
1.06159527004
0.804644367551
24.5651245117
1828.98852539
1.21269301259
-24643700.0444
0.570779085159
0.844100534916
0.559464624333
0.944720597447
100.203183391
1.16041522491
0.981390964482
1.16326474598
0.707912341407
18.0557250977
1368.52001953
1.64962470855
-21169520.2322
0.591226398945
0.924725532532
0.578907092457
0.919852969982
88.7287043445
1.70845059592
0.953199494086
1.40014203413
0.748235294118
0.0
0.0
0.0
0.0
0.742464542389
0.185087963939
0.753097932316
1.14977493082
112.611549404
0.886705113418
0.993018502827
0.63903394469
0.857085736255
14.5656585693
1132.92224121
1.98169016283
-19352169.9742
0.643164873123
0.869517564774
0.630207867468
0.946323093943
103.28864283
1.82040753556
0.954363047259
1.32856358727
0.786728181469
19.270324707
1270.06933594
1.40621808046
-15195977.8598
0.586785018444
1.0637960434
0.571673970485
0.870760212056
78.460130719
1.66797385621
0.951620532231
1.43518976254
0.742945021146
0.0
0.0
0.0
0.0
0.566627442837
0.308448344469
0.618538153234
1.31291064825
118.068496732
0.929673202614
0.992680192391
0.870909791488
0.747143406382
8.74951171875
708.15057373
2.85552451538
-13870415.7803
0.621881306171
0.680921912193
0.621387886864
1.04844668537
114.201460977
1.75246443676
0.962874800472
1.25319477086
0.778515955402
0.0
0.0
0.0
0.0
0.736585915089
0.189275071025
0.748062190613
1.15419655325
114.099807766
0.898423683199
0.992926236344
0.648723415971
0.853594771242
35.4843139648
2163.66186523
0.704661937492
-21036438.0021
0.423352599144
1.0074262619
0.414507900416
1.01999522726
137.208119954
1.65711649366
0.970867671162
1.53867190642
0.536701268743
1.79504394531
148.234237671
6.73830588646
-3036479.87381
0.398063838482
0.537031114101
0.507012341185
1.49189321297
149.500930411
1.39029603998
0.984118441605
1.18482091563
0.623637062668
1.38000488281
114.551345825
7.74153047607
-2381296.75731
0.292120039463
0.576426148415
0.477402849553
1.74052577137
148.187158785
1.32764321415
0.985793756129
1.2049781083
0.533010380623
13.1801605225
789.904418945
1.70968419308
-7386680.0538
0.655506193638
0.791282892227
0.644764237219
0.954399214461
70.1504344483
1.19055747789
0.976609226448
1.08085488218
0.787358708189
0.0
0.0
0.0
0.0
0.344414383173
0.451237946749
0.505391303052
1.67275916182
142.872802768
1.12498269896
0.991142417683
1.05239702901
0.579746251442
23.3852386475
1155.50537109
0.89591450665
-7162000.21199
0.451764881611
0.978354334831
0.439218931588
1.13546216951
166.49562476
2.27011149558
0.965101222046
1.52359333738
0.586282199154
2.8740234375
255.15071106
5.49211909043
-6134044.96743
0.764792144299
0.349663972855
0.765558570337
1.0947458108
78.5355786236
0.924813533256
0.985230228459
0.772483186717
0.870034602076
0.0
0.0
0.0
0.0
0.324126034975
0.462679296732
0.498317073388
1.71852315448
171.64579777
1.35154171473
0.989358599022
1.07208184163
0.561184159938
24.0955352783
1204.01843262
0.796516111919
-7102884.61677
0.51563680172
0.950489282608
0.501348872147
1.08015380742
102.070542099
1.4214686659
0.978322756357
1.27842346119
0.634540561323
0.0
0.0
0.0
0.0
0.613192021847
0.276261359453
0.652062530707
1.2638581048
101.697654748
0.800768935025
0.993695123698
0.811083805542
0.778208381392
0.285339355469
24.1563529968
17.189667827
-518382.289948
0.638747215271
0.286017209291
0.669565289782
1.25545583994
100.906943483
0.813564013841
0.993141866231
0.808841310689
0.794540561323
18.3319091797
1330.77709961
1.57353947894
-19134527.3985
0.622467637062
1.00186061859
0.610965263087
0.91164339638
59.1646289889
1.200153787
0.967207210905
1.30209898767
0.77078046905
0.0
0.0
0.0
0.0
0.622306644917
0.26991084218
0.658920455785
1.25491134312
98.2250519031
0.773425605536
0.993910412157
0.798596692777
0.784159938485
15.3438568115
1072.46765137
1.73359027829
-14426413.8191
0.682038784027
0.860310196877
0.671858248942
0.837943854434
48.0225144175
0.87630911188
0.978004018083
1.01328526167
0.810119184929
1.74575805664
144.384811401
6.82923716315
-2960108.73099
0.443267226219
0.506131410599
0.527426899393
1.41743942995
172.376470588
1.63137254902
0.980905415379
1.16655130307
0.657762399077
11.0244140625
925.691894531
2.46412376207
-17998303.9987
0.643173456192
0.623110532761
0.640559076367
1.02723809436
81.8551941561
1.15337178008
0.977103686909
1.08102654217
0.788973471742
0.717239379883
60.3424072266
10.777120526
-1277267.68713
0.609469473362
0.337029159069
0.645154357424
1.25535010263
106.914017686
0.917062668205
0.990989990404
0.884644272949
0.775747789312
0.0
0.0
0.0
0.0
0.595070421696
0.288841307163
0.638902873218
1.28246699426
105.170257593
0.828112264514
0.993479835239
0.833779854569
0.766351403306
0.337219238281
28.5128231049
15.8127008298
-611232.908372
0.448667943478
0.41891336441
0.543952292563
1.46708008824
140.908788927
1.20202998847
0.988345315126
1.03702883078
0.663021914648
0.0
0.0
0.0
0.0
0.444959998131
0.389643281698
0.5465395304
1.47858062827
122.533271819
0.964828911957
0.992403392944
0.984281780122
0.660638216071
6.30912780762
423.173614502
3.08051147809
-5554320.16112
0.528228700161
0.654824018478
0.553051834528
1.30466183383
92.4125182622
1.41348712034
0.976662885988
1.26469967389
0.716170703576
0.0
0.0
0.0
0.0
0.486307024956
0.362646877766
0.568857761831
1.41577773988
116.58023837
0.917954632834
0.992772458874
0.948272355194
0.691364859669
13.8977050781
1182.68408203
2.1290810611
-23003457.5181
0.641597211361
0.665606617928
0.633124713013
0.999249210886
116.538408304
1.37993079585
0.976690106095
1.09400986955
0.782345251826
26.0856628418
1804.61755371
1.11298019476
-22503672.6966
0.534066975117
1.05465376377
0.518390976765
0.926574887266
126.222775855
1.77036524414
0.969060528365
1.41119556749
0.681399461745
3.71875
336.386657715
4.80190082858
-8160965.20947
0.71532869339
0.403359860182
0.719806141813
1.12940913242
80.4485659362
1.02655901576
0.981343937571
0.880334365295
0.840768935025
0.0
0.0
0.0
0.0
0.516908705235
0.342233389616
0.584883846378
1.37127726954
147.833663975
1.16404459823
0.990834862742
0.933654237391
0.712172241446
0.0
0.0
0.0
0.0
0.53847771883
0.327661544085
0.598244912457
1.34394550942
148.825836217
1.17185697809
0.990773351753
0.912986905018
0.727104959631
21.0750579834
1608.49682617
1.41260816622
-23431132.4812
0.623366594315
0.885667443275
0.611774951136
0.877900990793
72.4196847366
1.06605151865
0.977493654354
1.13784222417
0.759876970396
9.15222167969
371.16897583
1.66047972397
-1545322.04225
0.649688124657
0.722589373589
0.640282601744
1.0006930079
69.8409534794
1.00121491734
0.984840672005
0.989983972368
0.779807766244
0.201034545898
17.0398616791
20.5032324474
-366468.259448
0.653015375137
0.269049346447
0.679325758037
1.2472557858
124.874063822
1.01265667051
0.991327478309
0.796033065983
0.80276816609
0.0
0.0
0.0
0.0
0.455629110336
0.382749736309
0.5511208506
1.46010532056
135.927597078
1.07029603998
0.991572994601
0.981806032595
0.668235294118
7.34521484375
632.108581543
3.24475985564
-13712669.0602
0.586283504963
0.613422751427
0.599060656912
1.15458788635
106.914940408
1.36784313725
0.975135378473
1.19920582599
0.756232218378
0.0
0.0
0.0
0.0
0.434035181999
0.396643966436
0.54076106262
1.49601371592
129.974563629
1.02342176086
0.991942060531
0.995498007582
0.652103037293
5.1396484375
456.183532715
4.06186666648
-10781202.731
0.445982933044
0.629116296768
0.509479058967
1.36311517054
137.761353326
1.55343329489
0.97385969527
1.31462105798
0.658915801615
0.0
0.0
0.0
0.0
0.408818334341
0.412555605173
0.529513007049
1.54112947729
126.501960784
0.996078431373
0.99215734899
1.01119182089
0.632633602461
0.0
0.0
0.0
0.0
0.445896923542
0.389040112495
0.545705111082
1.4748883179
143.86497501
1.13279507882
0.991080906695
0.992603321218
0.660684352172
12.625
991.75012207
2.2843478705
-18045935.8842
0.455094397068
0.850030779839
0.4763642575
1.17779754614
154.145759323
2.02014609765
0.962918109936
1.55202431504
0.654640522876
0.0
0.0
0.0
0.0
0.353971987963
0.445708751678
0.507189313311
1.64992937421
157.259300269
1.23826220684
0.990250508353
1.05444883617
0.586897347174
0.180282592773
15.27967453
21.6697029385
-328868.967439
0.40128698945
0.436073690653
0.523925089587
1.56417812119
132.701730104
1.0985005767
0.99017445671
1.04837008844
0.626482122261
0.0337219238281
2.86482191086
50.1864774945
-59510.5657287
0.414653927088
0.413389027119
0.531723753958
1.59729880985
125.719031142
1.00115340254
0.991849995802
1.01408829373
0.637262591311
9.49363708496
773.40625
2.82409755001
-15957444.1074
0.406733423471
0.84915292263
0.461521727677
1.28521713753
102.412364475
1.51529411765
0.96667836457
1.57226023454
0.626174548251
0.53955078125
45.4560165405
12.4788853093
-968898.325551
0.359681487083
0.488725423813
0.502688581522
1.61624532902
160.946312957
1.37796232218
0.986715362788
1.12254975922
0.591587850827
0.321655273438
27.2048358917
16.1925550266
-583427.378707
0.466584861279
0.40607252717
0.553576191809
1.44210507253
142.973317955
1.1906189927
0.989082963533
1.01843654251
0.676262975779
0.0
0.0
0.0
0.0
0.442337840796
0.391329079866
0.545242528759
1.48289235971
122.533271819
0.964828911957
0.992403392944
0.986240292372
0.658654363706
0.162124633789
13.7446241379
22.8559404994
-295899.004998
0.396371632814
0.43750205636
0.522326839838
1.57949521949
130.444752018
1.06343713956
0.990804706385
1.04596846908
0.622652825836
0.0
0.0
0.0
0.0
0.364876031876
0.4393016994
0.510450626611
1.62501707252
161.724075356
1.27341791619
0.989973708905
1.05106663489
0.595924644368
22.2648620605
1646.22192383
1.35319871219
-23424439.6188
0.586090743542
0.943043887615
0.571470732414
0.925893665984
125.222053057
1.5783467897
0.975024060607
1.25697872962
0.728688965782
1.38168334961
66.873336792
5.80316508886
-463164.677579
0.663824081421
0.384420454502
0.677085225524
1.16932014916
137.91727797
1.52745866974
0.981180346196
0.931390228725
0.80831987697
5.94329833984
258.436279297
2.40694974907
-1346396.65534
0.629904747009
0.639689445496
0.624049336125
1.07424906412
170.228927336
2.06486735871
0.972739541626
1.14099108471
0.777577854671
0.0
0.0
0.0
0.0
0.611496508121
0.27744102478
0.645760675315
1.26034579371
185.04012303
1.45700884275
0.98852820068
0.846914355697
0.774532871972
6.72836303711
280.311737061
2.28256987286
-1419226.38551
0.410088717937
0.812349081039
0.446988070628
1.26057468005
241.538300654
2.8706497501
0.963344465937
1.53721171392
0.617316416763
14.8540496826
866.537963867
1.56192297041
-7696355.58344
0.563962876797
0.85181248188
0.551868347563
1.0295581636
137.993110342
1.96579777009
0.967917917598
1.33566898111
0.717939254133
4.7255859375
418.952270508
4.17249147055
-9719637.29132
0.765236914158
0.41350209713
0.761402725743
1.04944655605
101.146236063
1.18289888504
0.980359345647
0.821923212409
0.868958093041
0.0
0.0
0.0
0.0
0.643721222878
0.254934757948
0.675296571144
1.23455928668
91.279846213
0.718738946559
0.994340989075
0.768930183799
0.797939254133
14.5008087158
983.270629883
1.82849714771
-13005339.0161
0.588600993156
0.898450911045
0.580633534939
0.970599826731
88.4640676663
1.50923490965
0.962641721088
1.37484831664
0.749050365244
0.278854370117
23.6058521271
17.394056916
-506742.346447
0.5659263134
0.336007922888
0.616212410422
1.32301879663
116.82177624
0.976055363322
0.991066425769
0.907931548674
0.746728181469
0.0
0.0
0.0
0.0
0.614554941654
0.275312721729
0.650415626912
1.25977276862
144.857147251
1.14060745867
0.991019395707
0.8275081396
0.777747020377
5.1162109375
437.149108887
3.97279878906
-9694986.33907
0.684701442719
0.506712973118
0.689549449662
1.09022272717
64.9751326413
1.00219915417
0.978901643079
0.999842596106
0.822068435217
28.3668518066
1767.60083008
0.908188403801
-18092846.5697
0.478102058172
1.2853935957
0.459590111691
0.924323558191
97.0285274894
1.77993079585
0.953398509695
1.71315206491
0.646336024606
1.16340637207
97.2766647339
8.40490847048
-2028401.42033
0.631724298
0.348202496767
0.65979134515
1.2210447176
104.995647828
0.902821991542
0.991128346383
0.879534709356
0.789926951173
3.62701416016
165.96333313
3.36651100207
-1006758.37864
0.579495608807
0.577793180943
0.595865102367
1.17132890192
147.30792772
1.85734717416
0.975168646979
1.16606007743
0.752249134948
2.84881591797
133.031692505
3.88078933373
-845001.490241
0.617370724678
0.511123716831
0.63229622227
1.16253965633
107.109142637
1.3692579777
0.981242250018
1.05837011904
0.778546712803
0.0
0.0
0.0
0.0
0.644921541214
0.254093170166
0.67417111799
1.23148584777
124.517616301
0.980453671665
0.992280370967
0.781598434229
0.797662437524
0.0
0.0
0.0
0.0
0.608207702637
0.279727756977
0.646102779917
1.26649281911
140.392372165
1.10545174933
0.991296195154
0.833262980511
0.773794694348
18.5409545898
1502.83276367
1.6334868974
-24772289.3439
0.662885785103
0.716351032257
0.652063890252
0.911663085902
87.6519184929
1.00665897732
0.984985197105
0.945001304363
0.78706651288
0.0
0.0
0.0
0.0
0.603551864624
0.282961457968
0.644402105895
1.27300501185
113.603721646
0.894517493272
0.992956991838
0.827590718456
0.771610918877
0.0
0.0
0.0
0.0
0.577011942863
0.30131071806
0.625303908753
1.30090951808
122.533271819
0.964828911957
0.992403392944
0.861501783776
0.753925413303
4.5517578125
389.054748535
4.24907043691
-8727004.78132
0.666724562645
0.500219464302
0.675295756268
1.11794793209
75.0750634371
1.01923875433
0.980591190883
1.01286965443
0.81108804306
10.8772277832
410.209228516
1.46681805609
-1556343.01075
0.473495393991
0.88037776947
0.472817167383
1.10666562795
174.1583391
2.09301038062
0.972462831897
1.45569823425
0.644244521338
22.184753418
1654.02575684
1.33970417326
-23441170.6439
0.624058783054
0.916210591793
0.612410526871
0.778912307503
80.063052672
1.09650134564
0.982598108526
1.06322239314
0.755586312957
17.9423828125
1299.87524414
1.58891074664
-18299568.8899
0.625629544258
0.9075101614
0.614150432249
0.957842087208
80.278354479
1.1721645521
0.977408717953
1.19619363926
0.76799692426
0.0
0.0
0.0
0.0
0.438166588545
0.394003689289
0.536765239407
1.47889901824
228.695701653
1.80075355632
0.985821717194
1.03176192426
0.652195309496
1.048828125
65.7315673828
7.66985098143
-772020.528479
0.514219462872
0.441420912743
0.571243723993
1.33634198273
175.256378316
1.66412918108
0.982409536548
1.07996417273
0.709050365244
0.0
0.0
0.0
0.0
0.430563926697
0.398855388165
0.538599475049
1.50103683833
138.408027682
1.08982698962
0.991419217131
1.00154523511
0.649181084198
0.115432739258
9.79395580292
27.0993287674
-210782.448158
0.436574012041
0.407957941294
0.540105656462
1.53300531494
142.215363322
1.14574394464
0.99048148869
1.01755160799
0.653594771242
21.915435791
1150.02600098
0.937282169563
-7431764.62692
0.547794997692
0.896989226341
0.535705573744
0.975079129071
76.7283352557
1.06697424068
0.984317623175
1.16110667255
0.672895040369
22.1710205078
1157.35473633
0.901603652628
-7311011.68062
0.563264548779
0.936750531197
0.551706574513
0.947344738331
65.5968012303
0.940653594771
0.984521416316
1.12164556655
0.685413302576
8.2958984375
713.641357422
2.98542146608
-15052797.6477
0.661368489265
0.575507640839
0.66040371377
1.09151735368
107.198985006
1.28556708958
0.978499651568
1.06122620245
0.803214148404
4.00085449219
181.783706665
3.15724090606
-1075327.34039
0.613682568073
0.571918606758
0.619452831276
1.13252114599
149.138177624
1.89973087274
0.973985188643
1.1347025135
0.772641291811
0.0
0.0
0.0
0.0
0.581471383572
0.298238009214
0.62706455888
1.29453839337
143.86497501
1.13279507882
0.991080906695
0.865393505389
0.756216839677
0.617370605469
52.0297393799
11.6275851756
-1104605.34457
0.673416018486
0.285696387291
0.693522127133
1.20094102022
122.591249519
1.02926566705
0.990420752746
0.800750394963
0.815455594002
0.0
0.0
0.0
0.0
0.632968664169
0.262463867664
0.664439648962
1.24212382079
136.919769319
1.07810841984
0.991511483613
0.801768109588
0.789742406767
0.0
0.0
0.0
0.0
0.615703821182
0.274512797594
0.652459793345
1.25985469906
125.013702422
0.984359861592
0.992249615473
0.818000410193
0.779100346021
0.0
0.0
0.0
0.0
0.658248364925
0.244734600186
0.684616697952
1.21941912781
120.052841215
0.945297962322
0.992557170414
0.762495654276
0.806120722799
1.3779296875
85.9642105103
6.63100364278
-993258.382631
0.652536571026
0.368297576904
0.672063508771
1.18872199422
127.776424452
1.13891580161
0.988928813305
0.892796987948
0.802352941176
0.0
0.0
0.0
0.0
0.631973564625
0.263159692287
0.665425457603
1.24478126127
108.642860438
0.855455594002
0.99326454678
0.791227418894
0.789988465975
2.24510192871
184.812332153
5.95451001809
-3716344.23088
0.607525765896
0.419159293175
0.635699843124
1.21783868126
118.97774702
1.04058439062
0.989421866986
0.965902575625
0.773687043445
5.171875
443.302947998
3.9658757831
-9903724.95126
0.630362510681
0.543277561665
0.642490255293
1.14034244789
87.8562706651
1.13054978854
0.979729898729
1.08770494485
0.78738946559
16.2696838379
895.316162109
1.36909055762
-7058562.06477
0.586098909378
0.967451691628
0.573863201286
0.972685500316
74.9737178008
1.20658208381
0.976380432747
1.27866662748
0.734563629373
8.77265930176
745.996398926
2.94301680132
-16081022.3679
0.549489378929
0.716612160206
0.565944561765
1.13948547979
70.933917724
1.26895809304
0.968416626598
1.33888138618
0.732087658593
0.5029296875
31.8647384644
11.1841549595
-383107.688166
0.512853741646
0.399939894676
0.579912996761
1.36632675429
115.967427912
0.971718569781
0.991419567567
0.98610606436
0.710495963091
18.9849853516
1479.82141113
1.69538611116
-24788177.2268
0.456652671099
0.860243797302
0.465860303397
1.1055084815
94.0666205306
1.42662053057
0.967463146035
1.48185442213
0.642091503268
0.0
0.0
0.0
0.0
0.454723209143
0.383337169886
0.551563027795
1.46300065205
121.045013456
0.953110342176
0.992495659426
0.976175005944
0.668019992311
0.0
0.0
0.0
0.0
0.467947363853
0.374725580215
0.558769757174
1.44290029996
116.58023837
0.917954632834
0.992772458874
0.963704210321
0.677970011534
14.924621582
1234.63183594
2.06528067577
-23558433.8483
0.502852380276
0.775997042656
0.512517491439
1.10501629883
91.6670818916
1.36064590542
0.969291158544
1.38065093955
0.687320261438
0.0
0.0
0.0
0.0
0.459282517433
0.380376935005
0.553255287936
1.45476636656
131.958908112
1.03904652057
0.991819038555
0.977256514836
0.67108035371
14.6606445313
1213.98803711
2.10346610288
-23422008.7025
0.484693169594
0.7839230299
0.499237616266
1.13376760474
93.5283660131
1.35895424837
0.970411615264
1.40338329073
0.674309880815
1.71333312988
141.861724854
6.89002932877
-2909655.55555
0.483462691307
0.478330522776
0.553827104561
1.36711481263
130.400399846
1.15214148404
0.987946096611
1.09013033962
0.688827374087
3.95088195801
251.488891602
4.00452838807
-3264762.0434
0.490232050419
0.65858566761
0.536606906905
1.27120852387
98.013502499
1.50963475586
0.973515054988
1.31077871919
0.692948865821
0.0
0.0
0.0
0.0
0.466820716858
0.37546223402
0.557440989203
1.44348774681
128.486305267
1.01170319108
0.992034327014
0.969734531567
0.676770472895
0.0
0.0
0.0
0.0
0.451723635197
0.385279417038
0.549666982193
1.46718725058
126.998046905
0.9999846213
0.992126593496
0.981052450784
0.665590157632
19.1387176514
1343.42260742
1.56526940343
-19114394.4697
0.495051026344
1.10702419281
0.48471090417
1.00960330356
124.235324875
2.19186466744
0.943643345887
1.75178336943
0.679292579777
0.0
0.0
0.0
0.0
0.396713912487
0.420057654381
0.524447673439
1.56409694851
126.501960784
0.996078431373
0.99215734899
1.0187384791
0.623021914648
26.3210296631
1671.00952148
1.02504026856
-18129096.8358
0.485695660114
1.26646018028
0.469522552249
0.962877246662
104.600722799
1.69866974241
0.959447425155
1.70458345707
0.658008458285
13.3266448975
792.233093262
1.79972195903
-7774073.62122
0.460956513882
0.842508614063
0.47290124187
1.14280774154
103.91467897
1.70512879662
0.970928081972
1.45726098779
0.648596693579
25.638961792
1767.73669434
1.15781480309
-22234413.6282
0.485108822584
1.1226644516
0.475523299544
1.00725750128
80.0978392926
1.36572087659
0.966406119096
1.60734782217
0.650872741253
13.4586334229
802.259521484
1.66756896672
-7366187.93502
0.667057394981
0.796617925167
0.656026777741
0.924641587781
59.9716416763
1.0492579777
0.978700477549
1.02903510566
0.793986928105
0.0
0.0
0.0
0.0
0.380129754543
0.430175721645
0.518088811493
1.59750314195
125.013702422
0.984359861592
0.992249615473
1.02766648697
0.609657823914
0.459136962891
38.7555046082
13.5273946237
-827589.419028
0.501866221428
0.393015325069
0.572730907478
1.38657508805
139.641830065
1.17908496732
0.989006108157
0.999653703115
0.701760861207
3.4107208252
235.677734375
4.43967551989
-3424308.44975
0.449410796165
0.615100204945
0.515370049404
1.36401092214
137.644998078
1.79866205306
0.972159980271
1.30699476387
0.661714725106
0.0544738769531
4.62660646439
39.4727082615
-98545.424254
0.57991373539
0.306110262871
0.627726204144
1.38707369991
109.735763168
0.873571703191
0.992895651564
0.861560747135
0.756262975779
0.609588623047
51.339263916
11.7167322027
-1091080.49615
0.507699012756
0.399532437325
0.576898442249
1.373320286
115.102191465
0.964244521338
0.991081880649
0.990245244429
0.706728181469
15.5146484375
1199.85351563
1.90867611085
-19816745.9117
0.534905672073
0.82827603817
0.536154273258
1.07978530752
96.2175470973
1.32524413687
0.974490563558
1.37000199483
0.708681276432
18.970489502
1289.70825195
1.50044911747
-16783778.6365
0.532861173153
1.04630684853
0.520993718413
0.973082951937
93.4794617455
1.71973856209
0.954918288373
1.56683666356
0.706374471357
1.08299255371
90.5693206787
8.73437835684
-1895443.34765
0.520147383213
0.420360833406
0.581131511215
1.33996911861
116.997339485
1.03277201077
0.989345058661
1.01581722651
0.71537101115
10.7856445313
901.071350098
2.53625439143
-17802186.1914
0.549533963203
0.683069050312
0.560322963117
1.12591511659
100.640338331
1.31281814687
0.976026723425
1.25885823936
0.726689734717
0.0
0.0
0.0
0.0
0.544270932674
0.323724627495
0.603647556251
1.33898728953
121.045013456
0.953110342176
0.992495659426
0.895569422389
0.731933871588
15.6083984375
1230.46972656
1.88689519977
-20448052.4982
0.580540895462
0.75102609396
0.577163747241
1.18897147492
87.9235986159
1.13211841599
0.980052306172
1.20958037894
0.738838908112
8.21647644043
531.523071289
2.53608159501
-6277387.59348
0.645321428776
0.66071420908
0.641381082986
1.04996110148
108.241568627
1.77168781238
0.968026721815
1.15592097525
0.791633986928
0.5595703125
35.4239425659
10.5877125971
-424761.62293
0.563080132008
0.370716184378
0.610866606683
1.30168218285
133.188527489
1.19129565552
0.988359896631
0.955442998417
0.744698193003
0.0
0.0
0.0
0.0
0.596153855324
0.288091033697
0.63890847317
1.28050226955
117.572410611
0.925767012687
0.992710947885
0.837854063769
0.766674356017
0.0
0.0
0.0
0.0
0.623824238777
0.268852055073
0.659215731092
1.25258227343
111.619377163
0.878892733564
0.993080013815
0.802529129616
0.784713571703
0.0894927978516
7.59718751907
30.7803702615
-163237.783743
0.620527565479
0.281566679478
0.655404844882
1.30182147452
125.659607843
1.01019607843
0.991573340729
0.82664916651
0.782191464821
0.0
0.0
0.0
0.0
0.806943178177
0.138994425535
0.810964812428
1.10510686386
81.8542099193
0.644521337947
0.994925343464
0.519161918269
0.894963475586
2.21138000488
182.095565796
6.00428420607
-3666490.01674
0.59862279892
0.423810422421
0.626082762419
1.2215327705
147.889611688
1.48352172241
0.98156674776
1.01924943002
0.766705113418
17.3332214355
1394.69274902
1.7542086286
-23822953.9176
0.634395539761
0.780835390091
0.625469548414
0.982829965278
84.0144867359
1.11104959631
0.980881719843
1.11043344769
0.773317954633
4.23202514648
285.117797852
3.87747968955
-3911136.83757
0.596397101879
0.568442046642
0.613716562154
1.17461040401
112.632525952
1.52541330258
0.975021436625
1.16300698431
0.765151864667
16.8533325195
1292.71569824
1.77880662825
-21043557.3025
0.56976211071
0.926356911659
0.56294321035
1.09744010893
81.8048750481
1.32189158016
0.968080526634
1.41507917115
0.735793925413
20.2430725098
1475.12304688
1.51137736151
-22110862.1129
0.565635681152
0.987548112869
0.555007785401
0.99822593914
97.2525643983
1.39983083429
0.975852372619
1.35298133976
0.723168012303
0.599212646484
50.4731445313
11.8193971626
-1073031.768
0.507023453712
0.399288356304
0.575913131805
1.37431364035
121.224636678
1.04876585928
0.989713708844
0.998945825822
0.705974625144
0.0
0.0
0.0
0.0
0.629307746887
0.265022993088
0.663021530092
1.24695538143
115.588066128
0.91014225298
0.992833969862
0.797478715303
0.788081507113
0.0
0.0
0.0
0.0
0.489355057478
0.360628664494
0.570128109897
1.41076526902
124.021530181
0.976547481738
0.992311126461
0.948820030891
0.693333333333
0.0
0.0
0.0
0.0
0.483247309923
0.364669233561
0.566201634985
1.41880724246
131.958908112
1.03904652057
0.991819038555
0.957479100515
0.688673587082
0.0
0.0
0.0
0.0
0.462805151939
0.378083407879
0.555403448205
1.44978282887
126.998046905
0.9999846213
0.992126593496
0.972342315687
0.6738485198
0.49674987793
41.8989677429
13.002410395
-893822.657757
0.459730416536
0.423464179039
0.549056649995
1.44337331014
133.779069589
1.13205690119
0.989313752937
1.03642849249
0.67138792772
0.0
0.0
0.0
0.0
0.456474095583
0.382201492786
0.55198011187
1.45945487915
128.982391388
1.01560938101
0.99200357152
0.978206529428
0.669081122645
8.79592895508
354.551483154
1.76974696675
-1534191.24431
0.552628159523
0.780052959919
0.547551746179
1.07195899363
151.608119954
2.03666282199
0.971309952143
1.29535407235
0.715617070358
0.101165771484
8.58619689941
28.9479690676
-184660.813474
0.546097517014
0.334044516087
0.6031085273
1.37477943595
136.520569012
1.10003844675
0.9907891203
0.916800877813
0.732702806613
0.0
0.0
0.0
0.0
0.586578905582
0.294713437557
0.632930693175
1.29155575166
105.666343714
0.832018454441
0.993449079745
0.843635995591
0.760768935025
4.22058105469
191.020599365
3.0449938436
-1112999.76993
0.634957134724
0.567100942135
0.639873111944
1.11162555509
109.591572472
1.43169550173
0.980242793998
1.06843145535
0.787635524798
9.19189453125
787.711181641
2.8055982028
-16328350.7282
0.622718393803
0.600083589554
0.626484225376
1.08285555798
78.9555709343
1.08945790081
0.979331016301
1.10319710753
0.778316032295
11.238861084
435.160766602
1.32135646918
-1559082.16184
0.645736455917
0.772786021233
0.636684828256
0.953136160707
31.4710034602
0.503283352557
0.991329364047
0.875669953681
0.766305267205
0.0
0.0
0.0
0.0
0.622451066971
0.269810080528
0.658176500831
1.25391184391
112.115463283
0.882798923491
0.993049258321
0.80441394631
0.783821607074
15.4262695313
1208.04711914
1.85513359274
-19529902.5392
0.672573685646
0.748238027096
0.663897030347
0.949663528423
56.3976624375
0.932164552095
0.97994601814
1.02637390267
0.801368704344
0.0
0.0
0.0
0.0
0.49702757597
0.355533182621
0.572958815326
1.3977767184
149.818008458
1.17966935794
0.990711840765
0.952810700948
0.698039215686
1.3890838623
115.73626709
7.670082826
-2395926.56309
0.597929894924
0.384040564299
0.630232941194
1.24287750529
149.237647059
1.37568627451
0.98464092169
0.96990758549
0.766828143022
10.5864257813
888.922607422
2.55904584984
-17636248.5603
0.579454481602
0.658756732941
0.585847708826
1.09961864607
95.0300961169
1.23909265667
0.977072065236
1.20240343842
0.747666282199
20.2140808105
1359.87634277
1.36049064637
-16566769.5138
0.584003686905
1.03915858269
0.569722476065
0.935034612532
77.6502883506
1.31534025375
0.968678560817
1.34822719969
0.739146482122
0.0
0.0
0.0
0.0
0.507886767387
0.348285347223
0.579216242888
1.38285736579
151.802352941
1.19529411765
0.990588818789
0.943729928174
0.705697808535
11.7622375488
443.882354736
1.28067824076
-1550199.65865
0.576998949051
0.830172300339
0.565727380221
1.01530702807
91.127443291
1.17348712034
0.9831494349
1.15323733533
0.715186466744
0.0
0.0
0.0
0.0
0.562866270542
0.311027169228
0.6148401241
1.31584310892
137.41585544
1.08201460977
0.991480728119
0.883045606328
0.744021530181
0.0
0.0
0.0
0.0
0.518819332123
0.340948313475
0.586500570316
1.36939393759
140.392372165
1.10545174933
0.991296195154
0.928773978855
0.713740868897
1.28791809082
107.399147034
7.98464832849
-2232193.11584
0.539805233479
0.418500036001
0.589471257159
1.30641061862
163.784206075
1.46688196847
0.984363848086
1.03463678428
0.727612456747
0.0
0.0
0.0
0.0
0.506256937981
0.349375784397
0.578519865529
1.38541350251
147.337577855
1.1601384083
0.990865618236
0.943408291264
0.704682814302
1.18545532227
99.0811386108
8.32469633296
-2064673.14277
0.622332632542
0.355994105339
0.651031025627
1.22663186714
124.109004229
1.14669742407
0.987085549889
0.914407328912
0.783437139562
17.2512054443
962.291137695
1.2775494605
-7409923.08265
0.610888957977
0.917332708836
0.598669240663
0.933349276618
61.0949019608
0.983437139562
0.981404783375
1.1196328952
0.745359477124
9.0029296875
725.031982422
2.82928466692
-14220067.4829
0.546883642673
0.737036824226
0.559294177483
1.12646102511
119.440215302
1.69768550557
0.965625001251
1.37234018541
0.72862745098
0.0
0.0
0.0
0.0
0.483799040318
0.364304810762
0.567267203325
1.41912419368
119.556755094
0.941391772395
0.992587925909
0.951719887232
0.689457900807
22.7294921875
1639.78173828
1.27263310802
-21585154.8241
0.586344957352
1.00664663315
0.573209293382
0.925258378742
76.7546328335
1.21276432141
0.972349379553
1.28836872813
0.734871203383
0.770416259766
64.7405471802
10.3970214218
-1368522.93521
0.541834354401
0.386940896511
0.595814574024
1.3233215426
141.676432141
1.17262591311
0.989482553094
0.977252963206
0.729611687812
0.453125
28.7466049194
11.7875605536
-346227.0432
0.575810968876
0.352738022804
0.620357133513
1.29397528727
131.057470204
1.14522106882
0.989190117113
0.930295870936
0.753002691273
21.5385437012
1087.56762695
0.98585005419
-7060824.26014
0.481560856104
1.06355726719
0.467123423059
1.01395788804
120.41467128
1.80287581699
0.966114402148
1.54472660088
0.630665128797
0.791168212891
66.4080276489
10.2699174331
-1404006.55716
0.418304949999
0.469470202923
0.524173451402
1.49302524094
156.048535179
1.37743944637
0.985778049166
1.10779775478
0.639215686275
11.8461914063
917.527770996
2.40262158572
-16854995.3263
0.409423947334
0.890098035336
0.447617208949
1.22911362399
149.297962322
2.0953787005
0.957358165043
1.64212986754
0.622437524029
27.2514343262
1872.37536621
1.06350772287
-22782362.3338
0.507751703262
1.04654037952
0.494269386172
0.963760452972
115.482968089
1.65382545175
0.969877589173
1.46042485458
0.656716647443
0.739288330078
62.1201705933
10.626703149
-1315162.32389
0.455910772085
0.442152112722
0.542647688724
1.43397874776
172.381914648
1.47146482122
0.985792891739
1.07728417034
0.66738946559
14.2753601074
855.009460449
1.6173215311
-7858002.16698
0.600950956345
0.765303313732
0.591273715119
0.989815934377
91.188189158
1.45568627451
0.97563231309
1.15526462383
0.74583621684
0.0
0.0
0.0
0.0
0.436148822308
0.39529427886
0.541230340385
1.49150679485
138.904113802
1.09373317955
0.991388461637
0.997745843839
0.653440984237
0.0
0.0
0.0
0.0
0.518050253391
0.341465711594
0.586908823788
1.37155639889
126.005874664
0.992172241446
0.992188104485
0.923481647354
0.713648596694
0.0
0.0
0.0
0.0
0.440067529678
0.392785876989
0.543554047485
1.4856812569
131.958908112
1.03904652057
0.991819038555
0.991949162188
0.656639753941
0.0
0.0
0.0
0.0
0.447079628706
0.388278067112
0.546900465958
1.47397025701
133.943252595
1.05467128028
0.991696016578
0.98754969225
0.661883890811
37.2562408447
963.939453125
0.113971109459
-3938733.83702
0.266025215387
1.53255033493
0.254820606572
1.03807679881
133.431572472
2.41743944637
0.946864538742
2.23032014798
0.328735101884
0.0
0.0
0.0
0.0
0.565158188343
0.309456139803
0.617660107246
1.31306051103
125.757831603
0.990219146482
0.992203482232
0.874817154703
0.746497500961
18.1346130371
1085.22937012
1.71743753963
-12923874.8421
0.20504912734
1.00433456898
0.339713188832
1.54476686928
128.28804306
1.58077662438
0.974144661532
1.70994282837
0.395724721261
0.0
0.0
0.0
0.0
0.445754259825
0.389131963253
0.545306416528
1.47255634077
156.019084967
1.22849673203
0.990327397088
0.997098892373
0.660822760477
0.0
0.0
0.0
0.0
0.387066394091
0.425967276096
0.519067511756
1.57769053936
157.259300269
1.23826220684
0.990250508353
1.0368675191
0.614963475586
5.97381591797
250.900466919
2.53640618981
-1348687.95225
0.307335853577
0.845511615276
0.402206439927
1.44296127815
246.913156478
2.8952556709
0.963805273797
1.60041591697
0.533456362937
34.9838256836
1640.29138184
0.416667892298
-11105000.3742
0.39691016078
1.53937339783
0.37568636178
0.860959141632
80.1746405229
1.67517108804
0.953277547196
1.900461355
0.542668204537
0.826187133789
69.404586792
10.0247830696
-1463723.48544
0.619515538216
0.336898654699
0.651033014156
1.24127737759
117.662775855
1.05876201461
0.988745573879
0.892273307289
0.781745482507
3.05633544922
142.081726074
3.72051925403
-890745.947921
0.627295613289
0.515503168106
0.6380742252
1.14772092764
126.577254902
1.60273740869
0.978274722906
1.06409055916
0.784221453287
0.0
0.0
0.0
0.0
0.376263618469
0.432505846024
0.512217831577
1.59470975112
201.162921953
1.58396001538
0.98752864712
1.06061935722
0.604521337947
0.0
0.0
0.0
0.0
0.762583911419
0.170736417174
0.771017718705
1.13538411649
99.7133102653
0.785144175317
0.993818145675
0.601810747341
0.869173394848
8.291015625
721.788391113
2.98052525123
-15345072.6819
0.704618632793
0.522435426712
0.700854704184
1.03980014178
88.8634217609
1.02692810458
0.984138774939
0.925471201011
0.830003844675
0.0
0.0
0.0
0.0
0.607803165913
0.280008882284
0.645298544241
1.26637187238
148.825836217
1.17185697809
0.990773351753
0.837148520117
0.773271818531
0.495452880859
41.7838630676
13.0226996797
-891542.625203
0.424273431301
0.446132898331
0.530470687745
1.49783346929
148.766197616
1.23623221838
0.988744626758
1.0671973203
0.644090734333
3.513671875
314.046203613
4.97707935075
-7609647.53079
0.549815058708
0.518234491348
0.5850703274
1.25824110427
168.887474048
1.57643983083
0.980248648088
1.14213744531
0.73354863514
13.1318359375
1011.65185547
2.22551685584
-17977627.6447
0.427736192942
0.893758833408
0.45456052679
1.18266129098
142.050134564
2.05788542868
0.956744589953
1.62794200977
0.634386774318
0.920867919922
77.1546783447
9.50089218782
-1624159.29907
0.448320001364
0.458280086517
0.537335472871
1.43853686507
168.501007305
1.46857362553
0.985178252138
1.09737369729
0.661822376009
12.6121520996
1078.39465332
2.28337752465
-21642949.2965
0.679207205772
0.656691491604
0.672331623081
0.992703460335
69.3914648212
1.01407151096
0.979732543757
1.02330560773
0.810196078431
1.25160217285
104.447479248
8.10133009988
-2173013.78895
0.559243202209
0.403265476227
0.60485697711
1.28809634725
133.256747405
1.18846597463
0.987346593031
0.992797129257
0.741822376009
19.474029541
1080.43701172
1.09604953599
-7712394.79774
0.614943981171
0.833577036858
0.606097290413
0.174197103071
38.3121876201
0.522106881968
0.992651027422
0.898418107512
0.734640522876
14.9314880371
896.530822754
1.50697730837
-7888750.22843
0.680854082108
0.723595023155
0.673177762021
0.347986456024
32.6797385621
0.439830834295
0.993972970268
0.777973443862
0.796355247982
20.1797485352
675.312561035
0.705497926112
-2982982.19468
0.513684988022
1.05438673496
0.499288711747
0.0083276811608
41.3687043445
0.81353325644
0.983874151997
1.17713778058
0.602337562476
16.8788909912
992.463928223
1.33955984607
-8340084.92759
0.650871276855
0.798768997192
0.640940320088
0.023134774019
47.3279507882
0.638216070742
0.990684219323
0.877405637331
0.770795847751
15.5414581299
899.887207031
1.43312270044
-7505594.1605
0.656451582909
0.842090368271
0.646207996008
0.0118316406242
37.0434448289
0.668204536717
0.985096696022
0.948539041214
0.780976547482
8.22067260742
343.454162598
1.81079871177
-1514255.09601
0.725236654282
0.644764184952
0.717240117478
0.00263664449568
15.7631680123
0.315263360246
0.993697253894
0.700222422146
0.831141868512
12.6968383789
792.731628418
1.76843572688
-7793692.11601
0.718806684017
0.661888718605
0.711169795665
0.139733958507
33.4486735871
0.452133794694
0.993665795475
0.717838473215
0.826682045367
10.0067138672
400.20135498
1.49895140161
-1560056.84689
0.679838895798
0.722196578979
0.671813367496
0.00225353010845
15.4555940023
0.309111880046
0.993820234305
0.777606415892
0.795201845444
12.8059387207
476.304870605
1.11746996874
-1530487.40751
0.61895608902
0.820832848549
0.610249573132
0.00193397272489
16.9934640523
0.339869281046
0.993205332246
0.881316087811
0.7384698193
12.7655029297
475.317077637
1.12233995785
-1531538.8966
0.6197463274
0.819586396217
0.611160834157
0.00193702702195
16.6858900423
0.333717800846
0.993328312658
0.87919985534
0.739346405229
24.2027282715
1774.8770752
1.20410128219
-23585073.5044
0.610103547573
0.931607782841
0.599768907857
0.00490857699903
63.9753940792
0.991926182238
0.983043213405
1.04485664496
0.740699730873
12.4877929688
468.444671631
1.15620482178
-1538368.97569
0.625244259834
0.81089091301
0.616778930648
0.00195836488122
16.3783160323
0.327566320646
0.99345129307
0.869586286762
0.745005767013
13.1301879883
484.107574463
1.07895386899
-1521563.42961
0.612713932991
0.830650091171
0.604072332869
0.00191204686073
16.8396770473
0.336793540946
0.993266822452
0.890759118793
0.731964628989
18.1915283203
1033.43286133
1.20125945165
-7827325.30698
0.632557153702
0.799261271954
0.624093157439
0.000883986578106
36.8512110727
0.491349480969
0.99344983806
0.857880638454
0.752264513649
23.4546661377
1762.75817871
1.24181288041
-23872630.9391
0.628655552864
0.88304156065
0.618847745692
0.00539877948926
53.4409842368
0.792772010765
0.983638606416
0.988511898543
0.756047673972
17.0288085938
987.180297852
1.3030913269
-7887940.05195
0.649002552032
0.772834658623
0.640916828103
0.00091894704364
34.7750865052
0.463667820069
0.993818861268
0.828664714747
0.768073817762
10.9298706055
427.031433105
1.36175259989
-1561530.23938
0.658374786377
0.757598102093
0.650272710123
0.00211865400076
15.5324875048
0.310649750096
0.993789489202
0.81352800394
0.776578239139
10.326385498
409.685058594
1.4499132987
-1562058.27275
0.672251939774
0.734792947769
0.664481467676
0.00220246146834
14.7635524798
0.295271049596
0.994096940232
0.788362044812
0.788896578239
19.4259643555
1565.22827148
1.54558874252
-24907390.1112
0.686954379082
0.710297703743
0.679373475644
0.000575804891849
57.5163398693
0.575163398693
0.994248941119
0.762564313033
0.801337946943
18.0068969727
1476.44140625
1.66524541434
-24674325.727
0.704711675644
0.68022787571
0.697429564266
0.000610651668431
55.0557477893
0.550557477893
0.994494975723
0.730470135496
0.815763168012
12.0780944824
759.976745605
1.84432686214
-7626521.34846
0.729786038399
0.636794745922
0.722750241656
0.00119062239622
30.1038062284
0.401384083045
0.994649163486
0.685514527311
0.835017301038
10.5297088623
678.052368164
2.06970439033
-7290583.46415
0.758143305779
0.591740250587
0.751217788444
0.214570038163
29.9500192234
0.407535563245
0.994265370883
0.642802532982
0.855624759708
20.9732055664
1640.05029297
1.41935935587
-24420865.4736
0.662066400051
0.80035597086
0.654218415329
0.00995488335096
39.0234525183
0.589773164168
0.988829075232
0.871134892409
0.783314109958
13.0065917969
481.15814209
1.09352504254
-1525065.4292
0.615073442459
0.826945185661
0.606460273154
0.00192015767889
16.7627835448
0.335255670896
0.993297567555
0.886817596286
0.73447135717
25.4745483398
1898.50219727
1.12574873668
-24516269.2327
0.620299577713
0.818713247776
0.611895956144
0.000484819186288
64.8981161092
0.648981161092
0.993510837305
0.877022280763
0.74000768935
16.1640167236
946.181152344
1.38162030766
-7830594.83442
0.658740162849
0.782346725464
0.648162125205
0.0513560487862
47.2895040369
0.665897731642
0.98985435906
0.865665296519
0.777254901961
17.2256469727
995.200622559
1.28535095378
-7880188.84787
0.646150946617
0.777444839478
0.636726987535
0.00091257203885
42.3875432526
0.565167243368
0.992465776173
0.842688170203
0.764752018454
17.9718017578
1023.86950684
1.21958321802
-7826490.51139
0.634911417961
0.80280315876
0.624351630765
0.0983334141581
48.2506728181
0.656670511342
0.990714051257
0.879737674122
0.753971549404
11.5058898926
442.908996582
1.28238072559
-1556299.4805
0.645672798157
0.778216600418
0.63667266436
0.00205077017476
17.7623990773
0.355247981546
0.992897881217
0.840523783186
0.764521337947
14.3920898438
1232.07666016
2.02888607793
-23300178.8836
0.753584623337
0.594415903091
0.745316148094
0.000741558342769
67.0511341792
0.670511341792
0.993295557026
0.651948981079
0.851595540177
12.6243591309
716.403747559
1.72028189389
-6318009.3966
0.68077147007
0.861564159393
0.668325776219
0.00564285440664
37.0049980777
0.877354863514
0.975361072339
1.01054251638
0.806858900423
10.445022583
672.218261719
2.0823228278
-7241423.90826
0.759009242058
0.596678853035
0.751922954189
0.0865672848732
30.6228373702
0.42829680892
0.993543612669
0.652216401778
0.856378316032
14.4805908203
1039.70214844
1.99264467202
-17347397.1507
0.682330608368
0.871877253056
0.671997780879
0.00333478360053
59.8231449443
1.11649365629
0.978478188141
1.00462572158
0.810811226451
16.2780761719
955.879943848
1.37281833775
-7907112.86537
0.660131573677
0.754727602005
0.651213074911
0.00094641939237
39.6193771626
0.528258362168
0.992957807116
0.816405630314
0.777731641676
23.9540100098
1737.95007324
1.21947246797
-23134984.9469
0.603895783424
0.964326262474
0.59332478559
0.00397686738715
59.1311034218
1.02422145329
0.981106659268
1.08518024944
0.738408304498
13.0989074707
483.364013672
1.08262898229
-1522461.07791
0.613308787346
0.829716801643
0.604120793573
0.00191333972538
18.2237600923
0.364475201845
0.992713410599
0.893674663192
0.7323183391
14.7583007813
877.506530762
1.51975149521
-7687827.42201
0.676643431187
0.775673508644
0.664659065119
0.0225280682632
54.1714725106
0.79969242599
0.986490252984
0.878545775751
0.793771626298
18.7038421631
1044.27600098
1.28813085036
-9690211.53802
0.571909427643
1.19533443451
0.55627648503
0.00665852953666
57.7277970012
1.23414071511
0.966253549772
1.41176001964
0.7292272203
19.8959350586
1095.73657227
1.06312158704
-7675185.86914
0.609776258469
0.839988231659
0.600425999346
0.171642717218
41.3110342176
0.560553633218
0.992189654249
0.907950621663
0.728781237985
38.9038085938
2376.87451172
0.45519850848
-20460442.7928
0.524625062943
0.96417593956
0.51302902202
0.000475110488005
103.652441369
1.03652441369
0.989635792284
1.04898288507
0.602722029988
22.6226806641
1184.9152832
0.864392591073
-7359225.50283
0.578696727753
0.883281230927
0.569045554862
0.000812151767526
44.1176470588
0.588235294118
0.992158256833
0.951309462638
0.692072279892
17.3690795898
1435.22302246
1.72266036573
-24517901.0324
0.712955355644
0.6660785079
0.704578072876
0.000629867135331
66.4359861592
0.664359861592
0.993357065678
0.724098369295
0.821622452903
16.8632507324
975.243774414
1.31606224218
-7814345.5113
0.64809691906
0.800958395004
0.638683140264
0.0359060496204
38.9081122645
0.576701268743
0.990316933185
0.879656591194
0.768427527874
17.6528930664
1453.66467285
1.69681031362
-24591666.6208
0.709267020226
0.67242449522
0.701210455565
0.000621227198563
63.0526720492
0.630526720492
0.993695363259
0.728192926606
0.818931180315
17.7711486816
999.532043457
1.56785890194
-12523650.3215
0.574207544327
1.08463025093
0.56074291942
0.00209793311183
61.1303344867
1.21491733948
0.975788208364
1.23915856762
0.724044598231
23.8006591797
1723.07177734
1.19751889739
-22127130.5157
0.605438649654
0.988408327103
0.594410202683
0.00288175305423
51.4225297962
0.885044213764
0.978924811899
1.12082556888
0.744713571703
11.2571716309
436.134643555
1.31612103863
-1559086.20533
0.651092290878
0.769448637962
0.642250464753
0.00207892256103
17.3779315648
0.347558631296
0.993051606731
0.830622429051
0.769611687812
15.0756835938
526.50793457
0.865023979353
-1453912.25173
0.578793644905
0.883133292198
0.569354008196
0.00182810559643
19.0695886198
0.381391772395
0.992375214466
0.949679691544
0.6923029604
8.46939086914
351.738952637
1.76282274075
-1524555.39246
0.718608856201
0.656302452087
0.710859905803
0.00256998097204
15.0711264898
0.301422529796
0.99397395982
0.709978478884
0.826266820454
20.085144043
1396.70458984
1.38165909606
-17785019.961
0.621157586575
1.00413954258
0.608906757863
0.00201264030152
55.1903114187
0.991926182238
0.975622742352
1.15691628331
0.765982314494
22.4430084229
1117.109375
0.854915970733
-6694536.46183
0.541231155396
1.09878206253
0.526635113428
0.00511009320599
46.4052287582
0.961168781238
0.97528288407
1.26147825649
0.676878123799
14.183807373
784.575561523
1.85228036156
-9947651.11321
0.628429412842
0.957541584969
0.616258800293
0.00362858270614
60.2076124567
1.08573625529
0.979477288705
1.09606363166
0.765920799692
19.2909240723
723.02166748
0.966876397798
-4481325.51752
0.521942853928
1.07754814625
0.508425728193
0.00516854543705
45.5209534794
0.851980007689
0.983551194688
1.20284971852
0.632525951557
28.1665802002
1296.89758301
0.50794731346
-6429075.22586
0.515150129795
1.06282532215
0.503139896775
0.0138003345004
51.8646674356
0.78123798539
0.986046116216
1.17103234388
0.611164936563
14.6537780762
517.955688477
0.909212720876
-1470162.89208
0.58563542366
0.87266099453
0.576321565376
0.00183954834457
18.6851211073
0.373702422145
0.992528939981
0.938110143439
0.700884275279
22.3678588867
1736.46484375
1.32620768913
-24956151.2412
0.652707099915
0.766827881336
0.643867519324
0.000521903861111
69.5117262591
0.695117262591
0.993049522422
0.827979131017
0.77108804306
12.2215270996
461.710632324
1.18938931027
-1544236.9916
0.630631446838
0.802330851555
0.6222882474
0.00198071178865
16.0707420223
0.321414840446
0.993574273482
0.860104643459
0.750434448289
10.563659668
416.592102051
1.41459318306
-1562496.93643
0.666726350784
0.743909358978
0.657911511809
0.00216894929747
17.3779315648
0.347558631296
0.993051606731
0.804853265215
0.783590926567
17.4659729004
568.23840332
0.632108940633
-1355732.63169
0.54540926218
0.933458805084
0.535564484662
0.00182840163792
20.6843521722
0.413687043445
0.991729567304
1.00446533033
0.643798539023
24.2321014404
1222.79333496
0.754378138674
-7065971.17477
0.557410120964
0.952577769756
0.547689157262
0.0362430898233
42.1568627451
0.600538254517
0.990485459309
1.0322835347
0.668727412534
12.9127502441
478.898406982
1.10467819182
-1527642.68594
0.616881251335
0.824101686478
0.607902878274
0.00192611935027
17.6855055748
0.353710111496
0.99292862632
0.886534051813
0.736178392926
18.9750671387
1245.80078125
1.38639177866
-14347810.4185
0.624537050724
0.982323527336
0.612564052421
0.00222671854579
49.9807766244
0.931180315263
0.976636769564
1.12788126905
0.766197616301
27.3239135742
1302.69726563
0.563883097139
-6709833.93204
0.536818742752
0.946209847927
0.527076034193
0.000823052538817
46.5397923875
0.620530565167
0.991727729757
1.01716158572
0.628681276432
24.7276306152
1225.49267578
0.724611648714
-6987270.69917
0.542048871517
1.03616476059
0.530585767607
0.0747094269474
48.7312572088
0.758169934641
0.985540095169
1.15009415939
0.65814686659
22.6146697998
1133.23583984
0.847430938795
-6799134.48521
0.545708119869
1.07533574104
0.53208292945
0.00544447861102
38.3121876201
0.878892733564
0.975944115938
1.22614892795
0.677739331027
21.577835083
1223.87878418
1.07980867939
-10500452.9133
0.562757194042
1.15181279182
0.547660457805
0.0109365944729
55.8631295656
1.14494425221
0.969402628584
1.34797574771
0.710680507497
25.8720397949
1197.53125
0.686397345833
-7120775.84487
0.470640331507
1.35781848431
0.451170561348
0.00702045752498
52.9988465975
1.35332564398
0.958592546483
1.60544566516
0.621514801999
23.5260009766
1799.12731934
1.24829889074
-24842085.4417
0.640174508095
0.787068605423
0.632018793588
0.000505941930146
62.4375240292
0.624375240292
0.99375687191
0.843435924861
0.759769319493
21.2272644043
1145.18640137
0.969327367444
-7658826.30335
0.593744456768
0.872336804867
0.582861920348
0.0578552294027
50.6728181469
0.693579392541
0.989823232753
0.955494601949
0.710911188005
26.6834259033
1217.57348633
0.615921078471
-6725256.73784
0.474083960056
1.31404256821
0.453813831222
0.0106539232902
63.321799308
1.39869281046
0.961092769161
1.55740107316
0.612272202999
16.845703125
558.507446289
0.690084089081
-1381429.14878
0.553194046021
0.921835005283
0.541102621844
0.00180749626868
26.2206843522
0.524413687043
0.989515919891
1.00758037381
0.655194156094
18.620300293
947.706604004
1.11674205785
-6373825.38445
0.569140672684
1.09084010124
0.552351882287
0.00376890544104
51.076509035
1.14955786236
0.968525364172
1.28549221177
0.716801230296
23.7091064453
1211.27380371
0.78951790771
-7163053.37261
0.564285039902
0.931429028511
0.551364260012
0.0500649141684
60.861207228
0.844290657439
0.987517214757
1.03141339671
0.674725105729
13.9007568359
501.80682373
0.990957585995
-1497258.4555
0.598554611206
0.852732181549
0.587572646785
0.00186521879749
22.8373702422
0.456747404844
0.990868704421
0.929295730788
0.715232602845
31.9129943848
1661.02319336
0.561810160531
-12104199.0376
0.4629137218
1.3022236824
0.443303728123
0.0012390352406
86.1591695502
1.44636678201
0.966036857303
1.51938356345
0.60432141484
22.7935791016
1756.37744141
1.29708319007
-24850423.8148
0.646667420864
0.787711143494
0.638689179642
0.0345988914281
57.8239138793
0.618223760092
0.993019247672
0.848950073656
0.766597462514
22.5070953369
1181.46289063
0.87237997134
-7374493.98895
0.579924345016
0.881406545639
0.571328870317
0.000814307017364
38.062283737
0.507497116494
0.993234574522
0.941932612162
0.69416378316
9.85717773438
395.694915771
1.52249754359
-1558538.307
0.683444023132
0.716178297997
0.675671104761
0.00227830325216
14.8404459823
0.296808919646
0.994066195129
0.769803358895
0.798339100346
11.2861633301
436.93069458
1.31214758207
-1558801.59077
0.650455474854
0.770481169224
0.642371625499
0.00207523463297
15.4555940023
0.309111880046
0.993820234305
0.826293742602
0.769411764706
8.89053344727
365.485107422
1.68529644846
-1538920.12853
0.707611918449
0.675264120102
0.699914078296
0.002469028571
14.8404459823
0.296808919646
0.994066195129
0.728496318556
0.817823913879
22.0474243164
1718.65344238
1.34852083023
-24975672.1815
0.656269311905
0.761032581329
0.648437135393
0.000526652305694
59.3617839293
0.593617839293
0.994064415166
0.815028652588
0.774825067282
16.0621643066
1081.61413574
1.80948790783
-16560433.2815
0.640770971775
0.962895274162
0.629579063682
0.00245261640397
59.4386774318
1.17800845829
0.976556826715
1.10455483006
0.78123798539
16.7892456055
978.192077637
1.326770084
-7930272.9874
0.652482807636
0.770712912083
0.644427975813
0.281353406565
34.7558631296
0.465205690119
0.993680757808
0.827810242798
0.771441753172
20.5505371094
1632.72924805
1.45763993403
-24989630.8753
0.673454165459
0.732803106308
0.665352224479
0.000552689878068
62.4375240292
0.624375240292
0.99375687191
0.788739599279
0.789757785467
26.8074035645
1146.78820801
0.882827217052
-10205592.4133
0.440990567207
1.33158111572
0.423444067249
0.00177150509742
93.4256055363
1.66551326413
0.968731621599
1.53095662646
0.562322183775
19.4961547852
594.707641602
0.451382240072
-1277211.39
0.524233877659
0.964749932289
0.513148531019
0.00190435823164
25.0672818147
0.501345636294
0.989977096436
1.04707525473
0.602399077278
30.0315856934
1315.28222656
0.397128029858
-6135526.8178
0.49478122592
1.12435531616
0.481593894993
0.00815363425964
54.0753556324
0.900422914264
0.981209131058
1.25867243601
0.583329488658
23.4672546387
1252.22839355
0.872723399913
-8628709.16575
0.560584485531
1.02395224571
0.549094570169
0.0516020530795
58.4967320261
0.81660899654
0.986092096094
1.13716242867
0.685397923875
18.4608459473
582.239501953
0.542001762504
-1315769.54998
0.534208416939
0.950068950653
0.524869230759
0.00185948236853
20.9150326797
0.418300653595
0.991637331995
1.02094621298
0.624590542099
20.2823638916
1542.50415039
1.44616023187
-22435612.3569
0.651310920715
0.894305288792
0.642108620276
0.00375849969091
43.9638600538
0.725105728566
0.983869616427
1.00158453856
0.782606689735
18.0778503418
1071.14440918
1.28713451237
-9435071.50888
0.631789624691
0.886570870876
0.620827966057
0.164846331518
51.9223375625
0.741253364091
0.987536002179
0.986704534988
0.758415993849
26.7818450928
1232.39587402
0.578975649281
-6289918.99454
0.501623213291
1.15707850456
0.487144435531
0.0050412166612
46.1457131872
0.957708573626
0.975390294827
1.31891665997
0.619807766244
21.0876464844
1171.71276855
1.03668745957
-8861148.84857
0.58718174696
0.984630584717
0.575716745622
0.0320821212227
47.1549404075
0.749711649366
0.985601290976
1.09711025764
0.715970780469
30.4065704346
1273.74560547
0.362083530961
-5787236.56099
0.463010787964
1.24941134453
0.449295481864
0.00434141853063
50.5863129566
0.918492887351
0.978431435634
1.40120896048
0.566336024606
26.5804290771
1119.1472168
0.547812707528
-5388612.44089
0.449191302061
1.33824253082
0.432492920994
0.00216703208321
43.2333717801
1.07727797001
0.967331920709
1.54073856644
0.595017301038
30.8090209961
1791.89306641
0.820741158507
-18252322.1052
0.465446949005
1.31015622616
0.445080007645
0.00111405138001
112.61053441
2.0830449827
0.960046231462
1.54398632341
0.616086120723
16.2902832031
549.140808105
0.74334797546
-1404553.82243
0.560687303543
0.910583615303
0.550422197596
0.00181122026397
22.1453287197
0.442906574394
0.991145410348
0.985130543364
0.667620146098
8.04328918457
536.511352539
2.53656869587
-6427254.80702
0.807313740253
0.50541472435
0.799905912271
0.0715949079525
32.8527489427
0.468281430219
0.992759740731
0.564757097564
0.888335255671
13.7985229492
1189.453125
2.09933907944
-22950399.5928
0.762109398842
0.578937888145
0.749862226296
0.000779248535432
107.958477509
1.07958477509
0.989205231726
0.661994427032
0.855532487505
12.7834320068
818.496459961
1.81410764651
-8781166.63084
0.718372225761
0.703285157681
0.70831585675
0.0118668980926
50.1249519416
0.667051134179
0.990744705405
0.780840479147
0.827189542484
